tree
version=v4
num_class=1
num_tree_per_iteration=1
label_index=0
max_feature_idx=30
objective=binary sigmoid:1
feature_names=trigger_mag trigger_depth n_events_24h n_events_72h n_events_7d n_events_30d n_m4_events_7d max_mag_72h max_mag_7d mag_range_7d median_mag_7d consec_up rumble_ratio mag_trend_72h double_tap_count depth_to_peak active_ratio_7d_30d rate_accel_6h_24h hours_since_last hours_since_m4 b_value_14d energy_ratio_24h_48h moment_7d_log moment_accel depth_trend_7d r100_n_7d r100_n_30d r100_max_mag_30d r100_n_m4_30d r100_mag_range_30d r100_hours_since_m4
feature_infos=[2.5:8.1999998092651367] [-3.6500000953674316:750] [0:1149] [0:1532] [0:1892] [0:6444] [0:231] [0:8.3000001907348633] [0:8.3000001907348633] [0:5.6999998092651367] [0:8.1999998092651367] [0:12] [0:2.5698325634002686] [-2.0999999046325684:1.8499999046325684] [0:36] [0:1554] [0:1] [0:404] [0:999] [0:999] [0:9.3670949935913086] [0:143919371255808] [0:21.56031608581543] [0:1.8118396476502154e+21] [-199.09500122070312:283.5] [0:2031] [0:6506] [0:8.3000001907348633] [0:549] [0:5.8000001907348633] [0:999]
tree_sizes=6738 6774 6778

Tree=0
num_leaves=63
num_cat=0
split_feature=8 26 0 6 29 26 10 29 4 15 10 0 29 25 26 23 29 29 24 29 0 4 29 26 29 11 0 10 29 29 16 26 0 29 26 29 10 10 26 25 24 29 10 19 16 25 8 17 15 15 29 4 0 19 12 19 29 8 0 26 26 0
split_gain=333401 105152 45397.2 35017.6 32471.5 25279.1 15311 14521.9 10248.3 9514.27 8798.09 8639.93 7208.12 5906.22 5783.39 5490.45 5362.59 5250.26 4600.56 4001.32 3858.3 3682.41 3576.68 3351.55 3331.04 3112.5 3049.61 2912.28 2803.79 2803.15 2776.95 3424.16 2707.64 2356.4 1908.02 1840.65 1806.48 1755.86 1707.31 1642.95 1623.67 1604.36 1455.46 1375.49 1310.91 1210.63 1164.24 1140.61 1301.17 1099.63 1012.13 1081.31 1004.1 991.856 984.109 1528.24 880.195 831.535 807.593 742.415 687.595 664.54
threshold=4.4749999046325692 854.50000000000011 3.9850000143051152 4.5000000000000009 2.8050000667572026 2.5000000000000004 3.5025000572204594 1.289999842643738 28.500000000000004 73.500000000000014 3.0025000572204594 3.9550000429153447 2.6000000238418584 376.50000000000006 135.50000000000003 4.2636868953704843 0.89499986171722423 2.9050000905990605 0.0029817675240337853 1.4999998807907107 5.4200000762939462 26.500000000000004 4.2000000476837167 1.0000000180025095e-35 1.6950000524520876 6.5000000000000009 3.495000004768372 2.992499947547913 2.6000000238418584 2.9050000905990605 0.9566781520843507 47.500000000000007 4.2950000762939462 5.7000000476837167 11.500000000000002 0.50000011920928966 2.992499947547913 4.2550001144409189 885.50000000000011 34.500000000000007 -0.0012111582327634094 3.9999998807907109 3.0900000333786015 859.49984741210949 0.60020706057548534 23.500000000000004 4.1949999332427987 4.0106382369995126 7.5000000000000009 9.5000000000000018 0.1999999284744263 8.5000000000000018 4.7099997997283944 0.57158610224723827 1.0250240564346316 709.32708740234386 3.4099999666213994 4.0850000381469735 4.5950000286102304 9.5000000000000018 3.5000000000000004 4.2950000762939462
decision_type=2 2 2 2 2 2 2 2 2 2 2 2 2 2 2 2 2 2 2 2 2 2 2 2 2 2 2 2 2 2 2 2 2 2 2 2 2 2 2 2 2 2 2 2 2 2 2 2 2 2 2 2 2 2 2 2 2 2 2 2 2 2
left_child=2 3 4 11 7 20 9 26 22 10 18 17 32 -12 24 -11 52 30 -5 47 23 41 36 58 46 -23 35 -16 -29 37 42 -32 54 -3 -26 -1 56 -18 -24 53 -17 -19 -2 59 -10 -38 -9 48 -8 -37 -28 -52 60 -21 55 -7 -6 -46 -4 -34 -13 -25
right_child=1 33 5 6 8 12 19 14 44 15 13 16 -14 -15 27 40 29 21 -20 39 -22 25 38 61 34 -27 50 28 -30 -31 31 -33 43 -35 -36 49 45 -39 -40 -41 -42 -43 -44 -45 57 -47 -48 -49 -50 -51 51 -53 -54 -55 -56 -57 -58 -59 -60 -61 -62 -63
leaf_value=-2.4560551760955698 -2.3792618351551429 -2.5059401059335551 -2.3749236514436096 -2.4073712771787097 -2.1227438286381921 -2.1298630832594441 -2.0420216828155482 -2.3252713298531784 -2.5056095902630999 -2.5043513711956873 -1.9716205614958771 -2.2246521304640217 -1.9698072221644924 -2.4421617923562859 -2.4719833142367622 -2.2879612125918802 -2.1366853110994968 -2.0560558409412826 -2.0950625298365648 -1.8644841594544674 -2.0751783836714055 -2.3910147359929099 -1.8985411426002266 -2.3000938226862875 -2.3276492132315258 -1.9590298892949574 -2.414112510178605 -2.3547325031010486 -2.0172688152775891 -1.8843096421061367 -2.2187150037252836 -1.9229315410069059 -2.1235135827541014 -1.8649274922503101 -2.2449054844420568 -2.3926142601172167 -2.1178140069286409 -1.9879771726684727 -2.4085170433798209 -1.847496761140679 -1.8549953466469802 -1.890546699227194 -2.225392576832895 -2.1547521996741703 -2.5027891168240228 -1.959406175315525 -2.2031641434513061 -1.8986337321532973 -2.416344816437666 -2.2032583856397627 -2.31425062314884 -2.4710275407658284 -2.0477148876896996 -1.9338868592659106 -2.2501171623650857 -2.2180739552783142 -2.2652641374530025 -2.0880851670913829 -2.3047385434711471 -2.0671682502687432 -2.1101135065204328 -2.2355256420857024
leaf_weight=1441.0807984247804 237.51849897950888 939.88956705480814 1044.3495297282934 276.0721485093236 382.26712320744991 1114.7520513162017 294.32189060002565 3268.4701503068209 149.69882778823376 34.905385211110115 839.74499291926622 250.84980637580156 660.46373999118805 72.502729505300522 597.86648773401976 23.183027856051922 236.43727415055037 414.46719996631145 205.32620089501143 1130.8926644250751 209.27534029632807 125.61560072004795 375.52922876924276 557.3460471779108 812.82840549200773 61.695846199989319 372.19312217831612 686.1197322756052 66.791738085448742 652.58544684201479 290.09107869118452 149.39288257807493 1234.3160967379808 13.562585830688475 5138.5934927538037 3080.876748368144 235.36061888188124 1655.0590580403805 17.366819985210896 5532.4393791332841 844.25747733563185 244.27080837637186 441.80252201855183 1634.9985715597868 17.452692605555058 277.29334971308708 208.06484436988831 148.15440426766872 25.443839624524117 77.765155248343945 1794.1625901609659 116.85681150108576 318.25385864824057 1185.0137366503477 480.05122747272253 910.30199498683214 158.3250599950552 36.615341454744339 679.8146281093359 1267.4807579740882 302.60042207688093 1520.5810301527381
leaf_count=18419 2701 12871 11798 3282 2551 7596 1527 33960 2050 478 3289 2141 2563 908 7816 222 1636 2260 1263 2216 1211 1455 963 5532 8479 219 4471 7497 310 1511 2445 444 8268 16 45843 35804 1547 6986 206 9165 1505 587 3780 11888 239 1018 1693 374 306 630 18279 1526 1685 3827 4325 7671 1468 215 6806 7184 1948 13302
internal_value=-2.1641 -1.98616 -2.26258 -1.95575 -2.30918 -2.18304 -1.90303 -2.32901 -2.0971 -2.01781 -2.10021 -2.05983 -2.12764 -2.00896 -2.29278 -1.89107 -2.01167 -2.14372 -2.27369 -1.87139 -2.28395 -2.0496 -2.05036 -2.29554 -2.27892 -2.24684 -2.38577 -2.38961 -2.32425 -1.97486 -2.21519 -2.11719 -2.1434 -2.49621 -2.25618 -2.40923 -2.09911 -2.00639 -1.9209 -1.86284 -1.86636 -1.99392 -2.279 -2.11843 -2.42923 -2.03133 -2.31789 -2.01575 -2.07159 -2.38787 -2.33853 -2.32385 -2.11955 -1.89976 -2.18476 -2.16938 -2.16405 -2.22054 -2.34718 -2.09482 -2.16152 -2.25276
internal_weight=47571.7 16946.4 30625.3 15992.9 19311.6 11313.7 10612.3 17661.7 1649.91 2295.99 1393.65 5380.64 7302.36 912.248 10778.7 902.346 3415.79 1964.85 481.398 8316.27 4011.37 846.049 1446.14 3802.09 9427.96 187.311 6882.94 1350.78 752.911 2544.08 1118.8 439.484 6641.9 953.452 5951.42 4599.72 1053.25 1891.5 392.896 7848.35 867.441 658.738 679.321 4136.8 203.767 512.654 3476.53 467.92 319.766 3158.64 2283.21 1911.02 871.704 2315.91 2505.11 2025.05 540.592 54.068 1724.16 2501.8 553.45 2077.93
internal_count=354175 71047 283128 58160 194984 88144 28362 184727 10257 10947 8742 29798 49495 4197 105598 2205 15907 13891 4545 17415 38649 4521 7753 37438 89975 1674 79129 15623 7807 10133 9370 2889 46932 12887 54322 54853 6584 8622 1169 15208 1727 2847 6481 27340 2504 2565 35653 2207 1833 36434 24276 19805 5774 6043 19592 15267 4019 454 18604 15452 4089 18834
is_linear=0
shrinkage=1


Tree=1
num_leaves=63
num_cat=0
split_feature=27 27 12 20 28 0 27 23 28 28 0 3 28 21 20 20 21 1 15 20 16 1 1 20 23 20 27 29 16 20 29 27 0 0 29 0 28 21 29 29 28 7 12 28 12 20 27 27 1 28 29 27 3 7 27 20 27 29 20 28 28 27
split_gain=171384 43637.7 17342.1 13928.2 11151 9394.66 7851 5780.9 4565.77 4250.69 4029.52 3997 3927.6 3617.41 3207.41 3099.4 2613.41 2459.79 2398.16 5208.53 2142.61 4101.78 1842.17 1720.76 2114.13 1536.37 1405.82 1316.44 1187.1 1231.02 1131.37 1093.27 1073.92 1000.54 967.741 945.938 937.134 1008.52 920.964 910.178 816.648 760.322 737.908 728.955 707.19 1539.05 772.003 704.697 582.645 520.687 504.345 487.925 476.004 417.659 414.496 685.644 395.768 391.258 387.651 352.049 348.841 348.608
threshold=5.5050001144409189 4.4949998855590829 1.846153795719147 0.40454983711242681 60.500000000000007 4.0950000286102304 4.1949999332427987 4.2636868953704843 12.500000000000002 3.5000000000000004 4.805000066757203 7.5000000000000009 3.5000000000000004 217352773632.00003 0.32800722122192388 0.78019404411315929 70651708.000000015 25.005000114440922 108.50000000000001 0.70668739080429088 0.90061727166175853 19.005000114440922 15.580500125885012 1.8485425710678103 1.4125363230705263 0.85155802965164196 4.9949998855590829 1.7000001668930056 0.96309915184974682 1.3977960348129275 1.1999999284744265 6.8500001430511483 3.7649999856948857 5.9500000476837167 2.394999742507935 4.7099997997283944 80.500000000000014 63.599931716918952 0.99999988079071056 1.4999998807907107 35.500000000000007 7.1499998569488534 1.2394901514053347 2.5000000000000004 1.7371826171875002 0.55079576373100292 5.0050001144409189 5.0850000381469735 29.945000648498539 1.5000000000000002 0.52000010013580333 6.7500000000000009 8.5000000000000018 4.7900002002716073 6.7500000000000009 0.23696732521057132 5.6199998855590829 0.69500005245208751 0.52092251181602489 1.5000000000000002 10.500000000000002 4.1250000000000009
decision_type=2 2 2 2 2 2 2 2 2 2 2 2 2 2 2 2 2 2 2 2 2 2 2 2 2 2 2 2 2 2 2 2 2 2 2 2 2 2 2 2 2 2 2 2 2 2 2 2 2 2 2 2 2 2 2 2 2 2 2 2 2 2
left_child=1 6 5 8 7 9 10 15 16 44 17 -6 35 18 22 40 31 23 19 -9 21 -11 30 32 -25 -22 38 -28 58 -30 60 34 -1 48 -2 49 37 54 -14 42 53 -15 -19 50 45 -3 -46 -4 -12 -7 -24 -18 56 -5 55 -10 -17 -45 -16 -32 -8 -41
right_child=3 2 47 4 11 12 14 13 36 20 33 -13 26 41 28 52 51 39 -20 -21 25 -23 43 24 -26 -27 27 -29 29 -31 59 -33 -34 -35 -36 -37 -38 -39 -40 61 -42 -43 -44 57 46 -47 -48 -49 -50 -51 -52 -53 -54 -55 -56 -57 -58 -59 -60 -61 -62 -63
leaf_value=0.018214940391455138 0.26407820321096426 0.13046404997213532 0.25872578015175357 0.1072086076858325 0.31673104666222762 0.13555054787447404 0.13271204003448536 0.3172759440821703 0.31180868520982191 0.12619857901605661 0.18811696993959851 -0.053082830629776367 0.25597040364451912 -0.037787174119517812 0.056603961638234945 0.32051563472149047 0.30633329784878671 0.072929468408018658 0.36230151003593947 0.10954755885928838 0.23110062167306419 0.21417304238771506 0.17610274624034231 -0.053008170160223571 0.44607593562765324 0.39314095255972176 0.29887176907489404 0.20955125532405874 -0.051724798195516064 0.49902185319908132 0.032778177416232006 0.35407985411015902 0.066001521520690623 0.33779033127047264 0.18246658183996578 0.23911637196258231 0.36176031290898686 0.35080875778678899 0.19631535670042133 0.15844615293350306 0.31637557668646088 0.35275901623188233 0.27524236917883288 0.22811065906196692 0.33096091079751938 0.0063458312289889594 -0.051653311077530878 -0.053278532477583233 0.057922651365944849 0.19075346471155841 0.12041567611393506 0.36140947753951014 -0.054312709388031732 0.34749022839395671 0.33520553842249323 0.22681943662519677 0.03498827451019676 0.17079510222396313 -0.012054064904959477 0.090784847088116641 0.22641344476186834 -0.05198343252320628
leaf_weight=4488.0692851617932 756.64595553278923 2828.6535110399127 17.595516741275787 123.40010797977448 87.648106142878532 622.32295840978622 684.86380202323198 1215.4206559509039 1659.7957985475659 2060.1447304263711 385.36532365530729 414.64089338481426 2277.8896053060889 96.774636648595333 467.91904012858868 14.547098018229006 1376.4000747129321 3280.8218207657337 1089.3602257221937 403.32148864865303 648.14790461957455 3744.4657294824719 601.3117536008358 34.396846443414688 53.515181429684162 192.60592570900917 2817.3073488175869 496.82467614114285 15.841816440224646 26.314097866415977 422.0696362927556 185.51565906405449 1592.8955511897802 93.400528401136398 726.4603486135602 789.89224922657013 6936.9265891388059 5196.3622983545065 935.31946252286434 458.89497950673103 135.95807090401649 13.282776623964308 44.861446492373943 367.10744831711054 72.549137085676193 274.14614921808243 15.734682828187941 698.5155051201582 112.1414814889431 1468.9113244563341 1314.7426356226206 640.76207382977009 184.66356249153614 20.684945791959763 1589.2980683520436 293.44752517342567 57.012251570820808 1892.1521830931306 365.39051926136017 695.40987986326218 118.74787000566721 20.075386457145214
leaf_count=52478 3340 23743 81 862 220 4905 5693 3332 4523 17709 2715 5543 10732 983 4835 45 3810 33751 1066 3355 3520 24870 4466 440 129 256 9897 2581 183 28 4327 344 16077 268 4335 4082 7005 6767 5476 3820 355 14 278 2024 221 3056 185 9829 1053 9508 11271 807 2446 52 2615 1162 520 14539 4183 6411 803 251
internal_value=0.211835 0.145725 0.196282 0.31859 0.231689 0.205272 0.0881701 0.26458 0.335887 0.171065 0.0609818 0.0119399 0.241013 0.293217 0.129353 0.11381 0.285549 0.0534523 0.304633 0.265622 0.193856 0.182978 0.142204 0.0339414 0.252346 0.268651 0.262515 0.28555 0.0397966 0.295538 0.101577 0.238896 0.0307421 0.187754 0.224256 0.192222 0.347703 0.336504 0.238674 0.0850688 0.228478 0.0120546 0.075742 0.160867 0.123555 0.119505 0.262897 -0.0452552 0.158955 0.174401 0.137977 0.324001 -0.0119004 0.143895 0.315426 0.299165 0.0967186 0.180207 0.0265144 0.0689292 0.146828 0.149526
internal_weight=60715.7 37497.3 19961 23218.3 3856.71 19244.9 17536.3 3354.43 19361.6 9836.45 10564.4 502.289 9408.47 2818.16 6971.87 536.266 3685.78 9973.53 2708.1 1618.74 6645.36 5804.61 6096.41 6168.88 87.912 840.754 6527.34 3314.13 875.465 42.1559 1921.09 1668.62 6080.96 590.907 1483.11 2881.13 15675.8 8738.9 3213.21 3804.65 280.043 110.057 3325.68 4175.31 3191.08 3102.8 88.2838 716.111 497.507 2091.23 1916.05 2017.16 256.223 144.085 3542.54 1953.24 71.5593 2259.26 833.31 1117.48 803.612 478.97
internal_count=354175 300674 130651 53501 18793 120741 170023 13030 34708 73560 111260 5763 47181 8750 58763 4280 12636 107224 7753 6687 46355 42579 49534 69124 569 3776 28686 12478 9229 211 17234 8019 68555 4036 7675 18495 22072 15067 16208 38100 1269 997 34029 32300 27205 26799 406 9910 3768 14413 15737 4617 3011 914 8300 5685 565 16563 9018 10738 6496 4071
is_linear=0
shrinkage=0.05


Tree=2
num_leaves=63
num_cat=0
split_feature=27 27 5 30 0 20 28 20 28 0 28 1 1 21 1 16 29 28 5 15 7 5 20 16 27 0 20 5 27 15 8 0 29 27 29 28 5 5 20 27 29 14 27 0 5 28 27 29 28 27 30 29 16 14 16 28 16 24 1 29 24 5
split_gain=94715.5 28365.8 15587.6 7911.77 7327.13 5363.14 4008.86 3350.69 5705.07 3075.59 2789.45 2582.6 1998.05 1995.86 1443.19 1442.17 1409.09 1350.8 1205.07 1135.95 1089.68 991.345 955.569 1238.49 983.505 913.343 889.767 857.082 841.799 804.238 1653.82 785.478 692.439 668.4 1133.21 666.52 657.584 637.958 1038.07 620.66 602.687 542.47 541.142 505.907 501.995 456.577 438.728 437.166 413.44 608.923 513.824 416.702 405.664 378.563 374.468 341.827 314.195 311.887 224.553 179.238 175.942 172.102
threshold=5.5050001144409189 4.2049999237060556 175.50000000000003 15.465311050415041 4.0950000286102304 0.72823780775070202 2.5000000000000004 0.37357012927532202 59.500000000000007 4.5050001144409189 4.5000000000000009 24.752999305725101 27.802000045776371 217352773632.00003 181.004997253418 0.89784321188926708 1.4999998807907107 21.500000000000004 73.500000000000014 25.500000000000004 7.1499998569488534 12.500000000000002 1.8485425710678103 0.49975961446762091 3.9850000143051152 5.6199998855590829 0.40454983711242681 30.500000000000004 5.0250000953674325 58.500000000000007 6.4500000476837167 5.7099997997283944 1.300000071525574 6.8500001430511483 3.2000001668930058 1.5000000000000002 24.500000000000004 116.50000000000001 0.42099769413471227 6.6499998569488534 1.8899999856948855 1.0000000180025095e-35 5.6199998855590829 3.7949999570846562 14.500000000000002 2.5000000000000004 4.0950000286102304 1.7000001668930056 26.500000000000004 6.5499999523162851 0.87754860520362865 2.4999998807907109 0.76771235466003429 17.500000000000004 0.095380242913961424 23.500000000000004 0.99195167422294628 0.0042207497172057637 24.005000114440922 4.0500001907348642 0.28325594961643225 16.500000000000004
decision_type=2 2 2 2 2 2 2 2 2 2 2 2 2 2 2 2 2 2 2 2 2 2 2 2 2 2 2 2 2 2 2 2 2 2 2 2 2 2 2 2 2 2 2 2 2 2 2 2 2 2 2 2 2 2 2 2 2 2 2 2 2 2
left_child=1 9 4 7 6 17 19 39 13 11 31 22 26 29 15 -8 41 33 42 21 61 -3 24 -24 43 -11 56 -26 32 30 -9 35 -12 34 36 -6 -5 58 -39 48 -16 46 -7 -1 45 -18 -13 -30 49 50 -2 -51 -31 60 -40 -44 -10 -55 -19 -36 -20 -15
right_child=3 2 -4 5 10 18 14 8 12 25 28 16 -14 20 40 -17 44 37 53 -21 -22 -23 23 -25 27 -27 -28 -29 47 52 -32 -33 -34 -35 59 -37 -38 38 54 -41 -42 -43 55 -45 -46 -47 -48 -49 -50 51 -52 -53 -54 57 -56 -57 -58 -59 -60 -61 -62 -63
leaf_value=0.009326713009121454 0.25376487302209683 0.095323386768320584 -0.05231305929672362 0.18503406615538051 0.12605875442543824 0.30500327503184271 0.13592828596479803 0.22614209361094831 0.20794134035573691 0.11491839956131214 0.20101389780635645 0.057481314094111537 0.24845985791256386 0.20364822460222914 0.15420241554425812 0.19220817014268024 0.13189563056717171 0.21989281832433913 -0.050953365155807631 0.30061696603226795 0.27276486051177085 0.012907726383594085 -0.053065892901174486 0.29398947921665658 0.072335131669052463 0.23192926392657975 -0.043044839833783273 -0.01835666667121609 0.23320525243279266 0.12878983625143298 0.020047365037401524 0.26506495376805578 0.15105902086292619 0.25221177295599917 0.092406042146782663 0.16553401222803665 -0.039285870837002357 0.23894988358047053 0.19786676928376951 0.26597205180487399 0.23898174559219659 0.28363622783434495 0.0026618727776777941 0.048982860199400603 -0.011302960144959611 0.23803736598221015 0.096974478176173134 0.17756908937690508 0.25880729071049546 0.20220865173963412 0.21233063670039784 -0.057399813318036542 0.26623876088056525 -0.050199314488052177 -0.046177228273235872 0.24168367965075133 0.012104498497443918 0.25867197372470524 0.25795025673401079 -0.055689164493480096 0.1131668746715163 -0.055654589560039019
leaf_weight=3584.6108255758882 1902.8039068728685 3502.5418008044362 917.36235059797764 1427.244002237916 1484.4472324624658 40.72116219997406 8810.2381593361497 1506.701949313283 55.597760431468487 1249.838620826602 3380.8293025046587 3000.384902715683 99.024835780262947 5.8673603385686866 337.91811054199934 1315.2914386615157 725.97726430743933 910.25852079689503 308.84483101218939 62.284700624644756 37.511408179998398 407.83311130106449 38.407344736158848 74.983231477439404 1818.0527005568147 193.21750814467669 300.93796828389168 303.54083501547575 2603.6941449195147 58.370284251868725 104.33489138633013 168.14553800970316 896.08063014596701 220.52021388709545 378.30265258997679 4033.5017361938953 33.071550741791725 117.49627075344324 19.480367064476013 13424.051684625447 594.24945373088121 28.172045841813087 49.147257149219513 1036.343925960362 52.901612915098667 119.50119815766811 923.01634409278631 430.54742618650198 3805.7740814164281 30.300793997943401 1326.8936835154891 29.812408469617367 1774.9480298534036 13.24772899597883 66.610806614160538 20.5437296256423 32.386397235095501 19.132664680480957 807.12152536213398 20.914314441382885 16.295164406299591 96.51384237408638
leaf_count=42159 3254 28199 12858 5765 9823 71 60191 4390 146 9486 13060 29794 204 20 2005 5631 5327 2070 3964 138 33 4227 504 145 16840 575 3989 3649 6810 380 829 449 4677 359 2289 20601 268 197 49 11028 2596 102 460 10343 556 575 7529 1825 4282 86 3679 225 1520 182 800 79 218 11 1362 170 103 1019
internal_value=0.170719 0.122782 0.150446 0.240147 0.157084 0.178855 0.133289 0.251278 0.209681 0.061877 0.184589 0.0533772 0.0491534 0.231514 0.148772 0.143258 0.0812992 0.197582 0.0186327 0.090164 0.045964 0.0867346 0.0336152 0.176956 0.031178 0.130739 -0.00208691 0.0593548 0.205053 0.239033 0.212819 0.158243 0.190586 0.16945 0.159503 0.15494 0.179927 0.227938 0.142946 0.259522 0.208452 0.0684146 0.162239 0.0182302 0.137828 0.147167 0.0667961 0.225373 0.247283 0.233875 0.236815 0.0745447 0.261938 -0.0260316 0.0106245 0.0756144 0.136857 0.134436 0.237921 0.0845153 -0.042391 -0.0389197
internal_weight=71154.7 42093.9 28945 29060.8 28027.6 4468.95 15030.4 24591.8 4072.19 13148.9 12997.2 11705.9 487.947 3584.25 11057.7 10125.5 4849.95 4001.02 467.933 3972.66 139.893 3910.37 6855.94 113.391 6742.55 1443.06 388.922 2121.59 7311.15 3444.36 1611.04 5686.09 4276.91 2080.05 1859.53 5517.95 1460.32 1920.97 203.587 20519.6 932.168 3951.57 110.412 4620.95 898.38 845.478 3923.4 3034.24 7095.58 3289.81 3229.7 60.1132 1833.32 357.52 86.0912 69.691 87.9842 32.3804 1717.38 399.217 325.14 102.381
internal_count=354175 300674 173090 53501 160232 18199 102987 35302 12748 127584 57245 117523 4557 8191 70423 65822 43883 13329 4870 32564 1072 32426 73640 649 72991 10061 4353 20489 26372 7119 5219 30873 17737 8851 8492 30424 6033 4478 1046 22554 4601 37425 610 52502 6458 5902 37323 8635 11526 7244 6933 311 1900 4260 849 539 364 193 3432 2459 4067 1039
is_linear=0
shrinkage=0.05


end of trees

feature_importances:
r100_mag_range_30d=29
r100_max_mag_30d=20
trigger_mag=18
r100_n_m4_30d=18
b_value_14d=15
active_ratio_7d_30d=9
r100_n_30d=9
trigger_depth=8
n_events_30d=8
median_mag_7d=6
depth_to_peak=6
max_mag_7d=4
rumble_ratio=4
energy_ratio_24h_48h=4
depth_trend_7d=4
n_events_7d=3
max_mag_72h=3
hours_since_m4=3
moment_accel=3
r100_n_7d=3
n_events_72h=2
double_tap_count=2
r100_hours_since_m4=2
n_m4_events_7d=1
consec_up=1
rate_accel_6h_24h=1

parameters:
[boosting: gbdt]
[objective: binary]
[metric: auc]
[tree_learner: serial]
[device_type: cpu]
[data_sample_strategy: bagging]
[data: ]
[valid: ]
[num_iterations: 500]
[learning_rate: 0.05]
[num_leaves: 63]
[num_threads: 0]
[seed: 0]
[deterministic: 0]
[force_col_wise: 0]
[force_row_wise: 0]
[histogram_pool_size: -1]
[max_depth: 7]
[min_data_in_leaf: 50]
[min_sum_hessian_in_leaf: 0.001]
[bagging_fraction: 0.8]
[pos_bagging_fraction: 1]
[neg_bagging_fraction: 1]
[bagging_freq: 5]
[bagging_seed: 3]
[bagging_by_query: 0]
[feature_fraction: 0.7]
[feature_fraction_bynode: 1]
[feature_fraction_seed: 2]
[extra_trees: 0]
[extra_seed: 6]
[early_stopping_round: 0]
[early_stopping_min_delta: 0]
[first_metric_only: 0]
[max_delta_step: 0]
[lambda_l1: 0.1]
[lambda_l2: 1]
[linear_lambda: 0]
[min_gain_to_split: 0]
[drop_rate: 0.1]
[max_drop: 50]
[skip_drop: 0.5]
[xgboost_dart_mode: 0]
[uniform_drop: 0]
[drop_seed: 4]
[top_rate: 0.2]
[other_rate: 0.1]
[min_data_per_group: 100]
[max_cat_threshold: 32]
[cat_l2: 10]
[cat_smooth: 10]
[max_cat_to_onehot: 4]
[top_k: 20]
[monotone_constraints: ]
[monotone_constraints_method: basic]
[monotone_penalty: 0]
[feature_contri: ]
[forcedsplits_filename: ]
[refit_decay_rate: 0.9]
[cegb_tradeoff: 1]
[cegb_penalty_split: 0]
[cegb_penalty_feature_lazy: ]
[cegb_penalty_feature_coupled: ]
[path_smooth: 0]
[interaction_constraints: ]
[verbosity: -1]
[saved_feature_importance_type: 0]
[use_quantized_grad: 0]
[num_grad_quant_bins: 4]
[quant_train_renew_leaf: 0]
[stochastic_rounding: 1]
[linear_tree: 0]
[max_bin: 255]
[max_bin_by_feature: ]
[min_data_in_bin: 3]
[bin_construct_sample_cnt: 200000]
[data_random_seed: 1]
[is_enable_sparse: 1]
[enable_bundle: 1]
[use_missing: 1]
[zero_as_missing: 0]
[feature_pre_filter: 1]
[pre_partition: 0]
[two_round: 0]
[header: 0]
[label_column: ]
[weight_column: ]
[group_column: ]
[ignore_column: ]
[categorical_feature: ]
[forcedbins_filename: ]
[precise_float_parser: 0]
[parser_config_file: ]
[objective_seed: 5]
[num_class: 1]
[is_unbalance: 0]
[scale_pos_weight: 11.608]
[sigmoid: 1]
[boost_from_average: 1]
[reg_sqrt: 0]
[alpha: 0.9]
[fair_c: 1]
[poisson_max_delta_step: 0.7]
[tweedie_variance_power: 1.5]
[lambdarank_truncation_level: 30]
[lambdarank_norm: 1]
[label_gain: ]
[lambdarank_position_bias_regularization: 0]
[eval_at: ]
[multi_error_top_k: 1]
[auc_mu_weights: ]
[num_machines: 1]
[local_listen_port: 12400]
[time_out: 120]
[machine_list_filename: ]
[machines: ]
[gpu_platform_id: -1]
[gpu_device_id: -1]
[gpu_use_dp: 0]
[num_gpu: 1]

end of parameters

pandas_categorical:null
