tree
version=v4
num_class=1
num_tree_per_iteration=1
label_index=0
max_feature_idx=30
objective=binary sigmoid:1
feature_names=trigger_mag trigger_depth n_events_24h n_events_72h n_events_7d n_events_30d n_m4_events_7d max_mag_72h max_mag_7d mag_range_7d median_mag_7d consec_up rumble_ratio mag_trend_72h double_tap_count depth_to_peak active_ratio_7d_30d rate_accel_6h_24h hours_since_last hours_since_m4 b_value_14d energy_ratio_24h_48h moment_7d_log moment_accel depth_trend_7d r100_n_7d r100_n_30d r100_max_mag_30d r100_n_m4_30d r100_mag_range_30d r100_hours_since_m4
feature_infos=[2.5:8.3000001907348633] [-3.630000114440918:750] [0:166] [0:184] [0:243] [0:658] [0:62] [0:4.9899997711181641] [0:4.9899997711181641] [0:2.429999828338623] [0:4.9899997711181641] [0:10] [0:1.8846155405044556] [-1.2000000476837158:1.2000000476837158] [0:8] [0:155] [0:1] [0:126] [0:999] [0:999] [0:9.3670949935913086] [0:9840532480] [0:17.591703414916992] [0:1.9528699180849562e+17] [-101.5:283.5] [0:256] [0:1677] [0:4.9899997711181641] [0:115] [0:2.4600000381469727] [0:999]
tree_sizes=4324 6805 6824 6870 6908 6831 4974

Tree=0
num_leaves=40
num_cat=0
split_feature=26 26 0 0 15 4 16 0 26 29 26 0 10 0 10 26 6 29 26 29 15 25 19 0 26 4 22 26 0 0 23 25 15 10 26 29 25 0 0
split_gain=779694 600201 495045 348042 335284 195248 179953 169180 167559 162937 304795 82643 76547.2 49272.8 46626.1 45535.4 40113.5 32343.7 29457 28135.1 24731.5 24586.7 22073.9 16900 16407.8 25174.3 31380.8 14654.2 13988.5 11839.3 10766.3 14182.4 9692.43 7933.02 6766.29 6040.31 5021.36 3377.89 15611.4
threshold=135.50000000000003 4.5000000000000009 3.8249999284744267 4.0965147018432626 8.5000000000000018 10.500000000000002 0.49683544039726263 5.9500000476837167 1.0000000180025095e-35 1.9999998807907107 60.500000000000007 4.6099998950958261 2.7324999570846562 2.995000004768372 3.5900000333786015 34.500000000000007 5.5000000000000009 0.99999988079071056 1.5000000000000002 1.4200001955032351 5.5000000000000009 1.0000000180025095e-35 212.95133972167972 3.7050000429153447 149.50000000000003 3.5000000000000004 14.987423896789553 5.5000000000000009 4.0965147018432626 5.1099998950958261 39763608338432.008 1.5000000000000002 7.5000000000000009 3.5900000333786015 3.5000000000000004 0.80000007152557384 1.5000000000000002 2.8449999094009404 2.8549998998641972
decision_type=2 2 2 2 2 2 2 2 2 2 2 2 2 2 2 2 2 2 2 2 2 2 2 2 2 2 2 2 2 2 2 2 2 2 2 2 2 2 2
left_child=1 2 13 4 5 9 -6 8 11 10 -3 28 -8 34 -14 -11 17 27 22 -20 21 -19 -10 30 25 26 -2 -5 -4 -13 31 -15 -7 -34 37 36 -36 -1 -39
right_child=24 3 7 16 6 32 12 -9 18 15 -12 29 14 23 -16 -17 -18 20 19 -21 -22 -23 -24 -25 -26 -27 -28 -29 -30 -31 -32 -33 33 -35 35 -37 -38 38 -40
leaf_value=-5.3650009732433883 -5.3534237345181008 -0.059812518597916586 -5.3596487996191433 0.5936862800965903 -5.3578641749598974 -5.3635143855750131 4.6227250235128183 3.6338013306649257 -3.4783571544776795 0.13450554551106464 -2.6987374029153512 -1.4648277846011593 -5.3549865319654781 -3.0993104179839697 1.7237702130991268 1.6524383332594974 -5.347599270873217 -3.3318551132168581 0.34145186392513072 -5.3489414548288945 -5.3438280086101209 1.2758221137733008 -0.70856901401298877 -5.3599029394987037 -5.3654671225456907 -5.3611775889918363 0.96311403791372197 2.533355919152843 -3.082338431786364 0.65762759157882922 -5.3558397289475854 -1.0857213705406092 -5.3439605195326951 -0.60180896571345244 -2.5750553584658489 -5.3568243505979556 -5.3482810826528917 -0.5249907569756509 -5.3600675237672473
leaf_weight=41.78373415954411 3.2930835885927108 867.95174006465822 7.3158016502857199 28.041394829750061 5.5549504552036515 18.887804393656555 61.163923893123865 22.755484369583428 9.8070409959182125 115.58568080421537 128.75438318029046 32.928438444621861 3.8865196267142874 75.350894065573812 4.7489956598728895 155.63281785603613 1.9554203879088152 4.0255270153284064 188.04242747370154 2.1840391894802442 1.4592689462006081 155.31924611516297 88.610100226476789 7.6465692780911914 65.954092138446867 9.8014230886474234 3.8317114999517798 185.84146750066429 79.240222645923495 15.904935671016572 4.2853864720091215 10.900191106833516 1.4738616356626146 1.1459029614925382 6.3096597548574191 4.8350444417446843 2.0672976737841964 1.1118533527478556 7.875188079662621
leaf_count=8590 677 86668 1504 2321 1142 3883 217 424 1611 11000 19582 4136 799 12047 166 10117 402 625 17185 449 300 11268 9911 1572 13559 2015 180 8832 12644 1244 881 1228 303 33 892 994 425 26 1619
internal_value=-0.231392 -0.0633859 -1.42787 0.411247 0.0295357 -0.168094 3.29951 -0.569859 -0.815984 -0.0880088 -0.397739 -2.30609 3.97943 -3.80642 -1.13603 1.02796 1.77657 1.81375 -0.129866 0.276262 1.11358 1.17255 -0.963261 -3.10804 -5.0017 -3.66031 -1.60228 2.30776 -3.27318 -0.667447 -2.91939 -2.79921 -4.91204 -2.54177 -4.89568 -3.93068 -3.19043 -5.1688 -4.34255
internal_weight=2433.26 2350.38 608.954 1741.43 1364.79 1289.43 75.3544 446.788 424.033 1267.92 996.706 135.389 69.7994 162.166 8.63552 271.218 376.642 374.687 288.644 190.226 160.804 159.345 98.4171 98.183 82.8803 16.9262 7.1248 213.883 86.556 48.8334 90.5365 86.2511 21.5076 2.61976 63.9828 13.212 8.37696 50.7708 8.98704
internal_count=251471 235040 77382 157658 133910 131586 2324 49108 48684 127367 106250 19528 1182 28274 965 21117 23748 23346 29156 17634 12193 11893 11522 15728 16431 2872 857 11153 14148 5380 14156 13275 4219 336 12546 2311 1317 10235 1645
is_linear=0
shrinkage=1


Tree=1
num_leaves=63
num_cat=0
split_feature=28 29 16 29 1 29 1 0 28 27 0 8 0 0 29 1 22 1 0 24 23 12 28 1 1 27 29 0 27 0 7 29 1 1 28 1 28 27 27 0 1 29 24 0 29 0 0 1 29 18 1 0 28 1 28 0 21 18 7 0 0 29
split_gain=11251.2 11077.2 12344.3 9312.47 10220.1 7920.02 4290.28 4271.11 6759.78 3769.08 5104.65 3589.66 3093.03 5610.22 2896.25 2192.13 3338.66 2963.83 2972.9 2140.2 1930.54 3418.01 1770.2 1621.2 1544.89 1534.99 1533.66 1424.71 1945.26 2917.26 1555.84 1018.35 1002.04 2296.15 993.077 1036 971.872 957.832 901.173 1356.22 1032.32 853.691 702.23 625.398 591.966 529.614 1185.67 524.118 519.212 365.927 343.375 304.37 187.086 134.107 103.894 78.8731 44.3585 41.9773 23.3034 104.483 19.8737 11.6605
threshold=26.500000000000004 1.6000000238418581 0.24755658954381946 1.0000000180025095e-35 81.319999694824233 2.1050000190734868 578.12500000000011 4.0050001144409189 4.5000000000000009 2.995000004768372 4.6099998950958261 3.6950000524520878 3.7050000429153447 3.5949999094009404 1.6999999284744265 141.0100021362305 13.958863735198976 469.01499938964849 4.0965147018432626 21.002499580383304 9978108287385602 1.2858411073684695 9.5000000000000018 10.99900007247925 75.005001068115249 4.5950000286102304 1.7050000429153445 5.3150000572204599 1.0000000180025095e-35 4.4049999713897714 4.3849999904632577 1.6000000238418581 41.004999160766609 42.004999160766609 12.500000000000002 12.998000144958498 5.5000000000000009 4.1949999332427987 3.6950000524520878 3.0949999094009404 3.4415000677108769 1.9999998807907107 2.8000000715255742 3.6950000524520878 1.2000001668930056 5.9500000476837167 6.4500000476837167 78.371002197265639 0.99999988079071056 707.31787109375011 508.48049926757818 4.0965147018432626 4.5000000000000009 7.2005000114440927 3.5000000000000004 4.0965147018432626 1118716096.0000002 215.85565185546878 3.5949999094009404 5.3150000572204599 3.8950001001358037 1.0000001192092898
decision_type=2 2 2 2 2 2 2 2 2 2 2 2 2 2 2 2 2 2 2 2 2 2 2 2 2 2 2 2 2 2 2 2 2 2 2 2 2 2 2 2 2 2 2 2 2 2 2 2 2 2 2 2 2 2 2 2 2 2 2 2 2 2
left_child=3 19 11 6 7 15 12 8 20 10 -8 -3 13 38 31 16 26 25 -19 32 21 -5 -16 43 -25 -17 -6 28 29 -14 -30 -10 51 -34 37 48 49 47 40 -40 -1 -18 -39 -15 -37 53 -47 -9 -36 54 55 -2 -51 -29 -7 -35 -22 60 -13 -60 -38 -53
right_child=1 2 -4 4 5 36 9 34 14 -11 -12 58 27 23 22 17 41 18 -20 -21 56 -23 -24 24 -26 -27 -28 45 30 -31 -32 -33 33 50 35 44 57 42 39 -41 -42 -43 -44 -45 -46 46 -48 -49 -50 52 -52 61 -54 -55 -56 -57 -58 -59 59 -61 -62 -63
leaf_value=0.3068980148625654 -0.075144692025443785 0.66261481962564162 0.73668264598797162 0.0029233166107366692 -0.023620085756069709 -0.15678022571487196 0.90981215714504171 -0.070580682022979291 0.055368904195755721 0.12392115097746835 0.14720837936818662 0.062928851454699494 0.19803358259939333 -0.04900778463953831 0.016690807916851107 -0.02930387678551722 -0.10443097844880773 0.053458887450910757 -0.13771160508441155 0.58570744073431535 0.062327694887218836 -0.10887578121183994 -0.14844408727977976 0.68168851411541354 -0.046493839719884356 0.016405541954153672 -0.094077172201489132 0.05106687654764256 0.022709351730362402 0.052946504222215321 0.2877764269871475 0.10021150897619302 0.66606646695288241 -0.070713816403813953 -0.60790541824848798 -0.032555688325706815 -0.29413010615496715 -0.013591402800029071 0.65910054071638713 0.11288968108871456 -0.012927171333480434 -0.21188278180439807 -0.22257934852852632 0.35619973702309982 -0.22289011473506612 -0.55071387570408226 -0.045315560059827668 0.053037794730121157 -0.21847993310716554 -0.11842679889601829 0.036929024577123291 -0.33312135042746094 0.028706374429745309 -0.033889893037188153 -0.22551559419589809 -0.21941017388501988 0.088777752580700683 -0.21267144709933211 -0.11187593681202733 0.062030312475981453 -0.22633668456822137 -0.21569784546198889
leaf_weight=27.408515239134431 82.242764243390411 27.056666183285415 152.84164640353993 36425.112308889162 4666.6959891375154 160.09288639063016 41.368506466969848 1141.0944315358065 5494.5828723502345 213.26980856247246 46.521960593760014 125.38657140778378 446.54816197231412 14.985716617200522 2839.5836584893987 3269.2687694937922 1196.5602191379294 267.89179742755368 836.96257754787803 14.522973816841839 246.88592808740214 695.73071459494531 171.11965543031693 68.404746810439974 7.9860456245951346 4188.7545388098806 924.96692147804424 51.678754787892103 4367.0798547361046 1540.6035884469748 55.084084508474916 1648.2302889963612 13.013768188655375 32.355702334549278 11.747558839619158 197.07786121498793 222.75336832832545 9428.7000157148577 13.370314469560979 57.523057852406055 224.7755617974326 219.51490000868216 39.375722416676581 24.029850934632123 50.724665252491832 15.02286660671234 42.941243149340153 91.944089282304049 33.236867529340088 62.030242715030909 185.1826040148735 7.2641897378489366 32.295854642987251 395.25112747773528 101.16298764850944 12.409038507845251 529.09338395157829 38.109432687982917 10.401355317328123 34.73516845703125 32.596524993889034 31.019405222963542
leaf_count=1040 2158 88 336 96541 12420 808 190 3434 17863 105 72 80 10105 371 5456 9379 6406 277 3410 52 305 7503 2528 663 189 5472 3674 30 11600 8863 891 1689 17 925 245 392 1680 18096 367 518 8531 1287 239 392 362 194 92 45 305 276 77 150 23 1011 628 147 157 226 496 1 231 363
internal_value=0.00313975 0.198653 0.400737 0.00141973 -0.00392397 -0.0390765 0.0539611 0.00573297 0.0121656 0.238634 0.512406 0.138434 0.046365 0.175 0.0483945 -0.0319352 -0.052672 -0.0149598 -0.0913479 0.0107412 0.00245776 0.000824931 0.00725719 0.47267 0.605881 -0.00363203 -0.0352907 0.0381824 0.0445537 0.0856359 0.0260766 0.0657298 -0.0137615 0.0446951 -0.0223796 -0.113081 -0.210076 -0.0198872 0.067524 0.223708 0.022888 -0.121229 -0.0144845 0.203101 -0.0722761 -0.0426157 -0.183505 -0.0613233 -0.331294 -0.153707 0.00677537 -0.131039 -0.0682255 -0.0239631 -0.184173 -0.115936 0.0804599 -0.277608 0.0518559 0.0202904 -0.286412 -0.246019
internal_weight=83646.2 728.432 350.421 82917.8 75263.9 16219.7 7653.85 59044.2 48050.3 301.16 87.8905 197.58 7352.69 438.484 10153.5 15570.6 7007.74 8562.88 1104.85 378.01 37896.8 37120.8 3010.7 115.406 76.3908 7458.02 5591.66 6914.21 6409.32 1987.15 4422.16 7142.81 363.487 242.961 10993.9 292.787 649.041 10701.1 323.077 70.8934 252.184 1416.08 9468.08 39.0156 247.803 504.894 57.9641 1233.04 44.9844 355.582 229.947 120.526 94.3261 446.93 261.256 44.7647 775.979 293.459 170.523 45.1365 255.35 38.2836
internal_count=251471 4890 1001 246581 201357 46197 45224 155160 132042 367 262 665 44857 12071 27536 42325 23787 18538 3687 3889 104506 104044 7984 1615 852 14851 16094 32786 31459 18968 12491 19552 3837 1166 23118 1304 3872 21814 10456 885 9571 7693 18335 763 754 1327 286 3479 550 1735 1149 2671 299 1041 1436 1072 462 2137 577 497 1911 513
is_linear=0
shrinkage=0.05


Tree=2
num_leaves=63
num_cat=0
split_feature=28 29 1 29 29 5 0 28 16 1 29 0 0 1 10 0 1 30 29 10 19 30 0 1 27 0 28 30 29 1 29 30 27 27 0 16 1 16 27 5 9 27 27 1 18 0 1 1 0 0 5 30 5 28 0 28 24 16 0 0 15 0
split_gain=8110.89 7983.45 9105.99 6229.66 5885.29 5524.04 4130.86 6331.83 3214.46 2899.12 2351.25 2027.65 2389.23 1961.12 3003.01 2597.64 2745.56 1992.74 1886.65 1876.22 1709.37 1576.31 2265.15 1282.84 1178.12 1085.23 1037.39 1032.21 1015.08 979.365 976.664 951.181 932.115 985.779 816.03 782.012 771.828 759.084 666.039 660.095 617.725 613.576 759.182 701.615 538.469 345.73 328.087 303.736 248.229 197.127 132.1 109.616 101.941 63.1975 55.1088 35.707 28.9852 27.3369 122.054 24.8199 17.6945 7.64826
threshold=26.500000000000004 1.0000000180025095e-35 81.319999694824233 2.1050000190734868 1.6000000238418581 17.500000000000004 4.0050001144409189 4.5000000000000009 0.24755658954381946 578.12500000000011 1.6999999284744265 3.7050000429153447 3.5949999094009404 141.0100021362305 2.7024999856948857 4.0050001144409189 469.01499938964849 121.65578460693361 1.9999998807907107 3.3974999189376835 552.12384033203136 237.40728759765628 5.1099998950958261 41.004999160766609 2.995000004768372 3.8950001001358037 28.500000000000004 297.83819580078131 1.9999998807907107 32.815000534057624 2.00000011920929 86.475730895996108 3.8950001001358037 3.0949999094009404 4.6099998950958261 0.37199692428112036 18.005000114440922 0.76950746774673473 3.6950000524520878 3.5000000000000004 0.30000007152557379 3.6950000524520878 3.7050000429153447 3.4415000677108769 322.57360839843756 5.9500000476837167 5.9005000591278085 508.48049926757818 5.8500001430511483 4.0965147018432626 1.0000000180025095e-35 293.85449218750006 128.50000000000003 4.5000000000000009 4.3949999809265146 4.5000000000000009 21.002499580383304 0.18037506192922595 5.3150000572204599 4.0965147018432626 8.5000000000000018 4.0965147018432626
decision_type=2 2 2 2 2 2 2 2 2 2 2 2 2 2 2 2 2 2 2 2 2 2 2 2 2 2 2 2 2 2 2 2 2 2 2 2 2 2 2 2 2 2 2 2 2 2 2 2 2 2 2 2 2 2 2 2 2 2 2 2 2 2
left_child=1 9 5 13 23 6 7 19 20 11 -9 12 41 14 30 17 -17 -15 37 -3 57 22 36 49 34 26 56 31 -16 52 -4 -8 33 -14 54 -29 -13 48 -23 50 -31 43 -43 -1 -40 -24 -39 59 -7 60 51 -5 -20 -41 -11 -52 -25 58 -6 -27 -2 -55
right_child=4 2 3 39 8 18 27 10 -10 24 -12 21 32 15 28 16 -18 -19 29 -21 -22 38 45 25 -26 47 -28 35 -30 40 -32 -33 -34 -35 -36 -37 -38 46 44 53 -42 42 -44 -45 -46 -47 -48 -49 -50 -51 55 -53 -54 61 -56 -57 -58 -59 -60 -61 -62 -63
leaf_value=0.22274813957537815 -0.068711951424262827 9.8867794797208815e-06 -0.026321922557225482 -0.12503336455677835 -0.12678689237774848 -0.076584482035509882 -0.02767210913135227 0.066143137791586509 0.38245533579761665 0.30126944206753259 0.012610013965851596 0.048820769623739269 0.19559702496194331 0.033076593487398068 -0.0871969309622741 -0.021026734965133229 -0.1196570045031828 -0.038554065396604192 -0.26413879324155826 0.030517129447043906 0.39800285094888843 -0.079388713016493806 -0.011443373029332161 0.30574121803463639 0.11441672855486934 -0.070655816670672375 -0.069627896967536781 -0.040803088497498162 -0.18730147992724228 0.033198187795062492 -0.17081424290852434 0.0054654095135583452 -0.051143143513803807 0.44662547656891527 0.13267713280909724 -0.14865888943130118 0.095702781521283559 0.06779006867991734 0.081400487321588638 -0.18067299085557009 -0.25364570058955388 0.27116960288880071 -0.051055622288595393 -0.012409448679872532 0.005004488610535541 -0.13552445210154448 -0.15606786811185303 0.035144058379770082 0.055520140496859653 -0.20833361458593194 -0.12749958783055704 -0.021678426817585486 -0.04208335824246949 -0.23620309349165836 0.42265094914280765 -0.17965598075584077 0.4385855337896355 0.060710867518040994 0.061147089014396597 -0.19581723054348241 -0.18908768826391287 -0.18658002737351032
leaf_weight=35.969648056197912 77.066089468542486 30680.651653069071 5025.0047157132067 51.681477613979951 10.526264552026985 1201.1809611299541 4486.5929155773483 6898.0690561654046 275.1715841749683 27.659793752245605 2920.0988596943207 1822.8038598438725 80.837559405714273 3223.4025033535436 1618.6895637745038 3097.1848655808717 913.06734088528901 1388.2893096893094 199.94907752401195 6029.5295342518948 43.437127852812409 211.56761501729488 764.19210393726826 27.038619433995336 219.35088478401303 7.7258977536112097 18.272040380630642 2102.7890493012965 300.80429597198963 59.598368188366294 118.79399270238355 4184.1236021628138 18.270044730510563 80.374467339366674 49.075519286096096 181.95038377679884 1701.5848445831798 143.21576376538724 255.73653383925557 104.14012078847736 26.256993995513767 59.901836605742574 25.683849271852523 222.54546653991565 2274.1392208784819 59.631531938910484 17.498002857435495 179.6107175112702 35.920619905460626 43.463146134046838 115.25592016242445 51.259713703766465 5.7873942961450657 295.27288677939214 62.943990223109722 62.898955161450431 19.681996762752533 123.17250431422144 33.520298004150391 14.407988166902213 2.6512713246047488 32.951746604871005
leaf_count=1040 2054 79855 13697 233 352 18870 9492 12189 336 112 4863 13690 922 4213 7849 6126 3410 4789 4047 10300 46 1111 1496 126 105 241 586 5319 1614 44 627 6462 333 360 72 818 9442 230 355 582 492 136 749 8531 6457 235 830 81 8 516 519 111 1341 1891 78 334 2 266 1 154 129 202
internal_value=0.00290857 0.00132084 -0.00369951 -0.0366678 0.154195 0.00543738 0.00805705 0.014561 0.270131 0.0489055 0.0502248 0.0423418 0.137211 -0.0300883 -0.0496203 -0.0140828 -0.0435087 0.0115084 -0.0836485 0.00502143 0.12227 0.0353165 0.0540335 0.00940753 0.18757 0.0710033 0.24702 -0.0195639 -0.102976 -0.199154 -0.0296924 -0.011682 0.284602 0.322763 0.300785 -0.0494559 0.0714777 -0.0594247 0.00561868 -0.181065 -0.0563795 0.0597165 0.174941 0.0210232 0.0127582 -0.0205843 0.0425718 0.0133355 -0.0727029 -0.12343 -0.120658 -0.0743194 -0.25815 -0.219956 0.389343 -0.146842 0.369827 0.048675 0.014306 -0.157288 -0.0750704 -0.231818
internal_weight=84419.9 83544.2 75571.9 16398.7 875.746 59173.2 57483.8 46528.3 485.828 7972.27 9818.17 7613.24 523.583 15685.2 7063.29 8621.94 4010.25 4611.69 1689.41 36710.2 210.656 7089.66 4348.21 389.918 359.03 266.737 64.9927 10955.5 1919.49 291.592 5143.8 8670.72 179.482 161.212 139.679 2284.74 3524.39 1397.82 2741.44 713.461 85.8554 344.101 85.5857 258.515 2529.88 823.824 160.714 201.745 1237.1 123.181 281.096 102.941 205.736 432.365 90.6038 178.155 46.7206 167.219 44.0466 22.1339 79.7174 328.225
internal_count=251471 246581 201357 46197 4890 155160 129298 107207 1001 45224 17052 44857 12071 42325 23787 18538 9536 9002 25862 90155 665 32786 24863 3889 367 1190 714 22091 9463 5924 14324 15954 1615 1282 262 6137 23132 19938 7923 3872 536 10456 885 9571 6812 1731 1060 476 18878 2699 1197 344 5388 2675 190 853 128 619 353 395 2183 2093
is_linear=0
shrinkage=0.05


Tree=3
num_leaves=63
num_cat=0
split_feature=1 26 30 26 9 23 5 1 26 5 1 23 26 26 26 5 26 5 7 1 26 26 27 27 27 5 27 8 26 1 24 22 2 27 27 23 1 30 9 7 4 27 27 27 26 20 26 24 7 1 27 27 1 1 1 30 26 30 1 27 27 15
split_gain=7169.82 5764.3 4306.83 3420.78 6654.54 4044.88 2559.24 2486.54 5779.86 2410.92 2394.58 2189.22 2115.37 2062.35 2006.61 1921.09 1909.62 3829.19 1665.34 3820.55 1662.24 2960.3 2501.95 1815.76 2403.98 1652.21 1633.33 1357.34 1348.96 1236.1 1150.81 1080.49 1070.55 997.235 2822.86 950.175 931.89 1680.59 918.271 908.851 839.539 795.923 965.625 721.972 687.605 578.737 554.44 530.596 522.268 511.57 694.238 558.048 510.151 1196.78 897.206 462.012 455.787 446.834 663.514 426.263 412.463 387.687
threshold=81.319999694824233 1.5000000000000002 293.85449218750006 64.500000000000014 0.60000002384185802 0.29344467818737036 13.500000000000002 141.0100021362305 38.500000000000007 17.500000000000004 340.88999938964849 1.000025808811188 65.500000000000014 1.5000000000000002 37.500000000000007 21.500000000000004 95.500000000000014 7.5000000000000009 4.3849999904632577 19.005000114440922 4.5000000000000009 12.500000000000002 3.0649999380111699 3.3149999380111699 3.4050000905990605 7.5000000000000009 4.8949999809265146 3.3950001001358037 1.0000000180025095e-35 54.000499725341804 -0.89999994635581959 13.958863735198976 1.0000000180025095e-35 3.0649999380111699 2.6950000524520878 112069026250752.02 27.901999473571781 123.51668548583986 1.7000001668930056 4.2900002002716073 2.5000000000000004 3.7050000429153447 3.5949999094009404 4.4949998855590829 52.500000000000007 1.361037611961365 2.5000000000000004 -1.7998500466346739 4.5950000286102304 97.009998321533217 3.995000004768372 4.8949999809265146 401.48500061035162 469.01499938964849 578.12500000000011 293.85449218750006 28.500000000000004 10.366281032562258 401.48500061035162 3.2350000143051152 3.0649999380111699 8.5000000000000018
decision_type=2 2 2 2 2 2 2 2 2 2 2 2 2 2 2 2 2 2 2 2 2 2 2 2 2 2 2 2 2 2 2 2 2 2 2 2 2 2 2 2 2 2 2 2 2 2 2 2 2 2 2 2 2 2 2 2 2 2 2 2 2 2
left_child=2 10 3 13 5 9 20 8 31 32 49 12 -7 18 25 26 17 33 36 -20 29 23 -23 60 -25 38 -16 -24 52 41 -27 40 -5 34 -9 -13 -1 -38 -15 -35 56 42 -4 -10 55 -6 -43 -8 -33 -2 -51 -52 -12 -54 -55 -45 -3 -19 -59 -49 -22 -17
right_child=1 7 6 4 45 11 47 16 43 -11 28 35 -14 14 15 61 -18 57 19 -21 21 22 27 24 -26 30 -28 -29 -30 -31 -32 48 -34 39 -36 -37 37 -39 -40 -41 -42 46 -44 44 -46 -47 -48 59 -50 50 51 -53 53 54 -56 -57 -58 58 -60 -61 -62 -63
leaf_value=0.035730502393798387 0.066897460729319833 -0.024147688375033418 0.032413645102031506 0.10589119476616959 -0.13103594166803453 0.65218022312658142 0.0068196346145890348 0.94842545466655181 -0.097162536367353669 -0.11525462952173471 -0.075757757923925376 -0.093853718481259119 0.21296550533873712 0.007279191913644921 0.041991232909099716 -0.10889702230568857 0.040661830086129967 -0.06640512501043358 -0.069591356591408457 0.79587835980591493 -0.049030416141043094 0.089737206113191512 -0.0065823671991937869 0.041407991164881447 -0.032877962326168859 0.022368975927984071 -0.14528587983094604 0.03318291223429614 0.078179679016408488 -0.066971051771548551 -0.084539859941095141 -0.10037090202947439 -0.11144196756377188 -0.013475961184738761 -0.088397728748941973 0.21222952099167625 0.12748248425855876 -0.077272903560560033 0.055315791880888449 -0.10793044091230891 0.084753052233422166 0.029106486856425834 0.11696188685491765 -0.14425238968508691 -0.20146621902188122 0.026375610872750602 -0.027435315843794973 0.0096535529319454749 0.011463458792233218 0.036291141063282482 -0.07620941271665671 0.083714228211796762 0.49904059000056766 -0.055667588279176096 0.22982813605416066 -0.0074707575539954656 -0.07813207359955375 -0.16178872816159665 -0.51059819423875896 -0.10298416959145594 -0.10174812496717728 -0.49180274019961739
leaf_weight=2841.5372155993246 283.90864957962185 4731.5417301834095 915.7884395592846 703.450149794342 328.60165064176545 27.780003181658685 157.04872313770466 9.1549502466805297 556.32132749422453 178.30260092928074 13.694935574661939 82.915903020650148 736.6117756285239 22208.037873481866 7680.9641505493782 177.75462285731919 1265.5990466519725 127.37979838368483 26.868987136054784 23.003331273328513 652.84216285822913 869.20590952178463 9854.4199574477971 1335.0939279645681 5890.6237105031032 364.54886349616572 117.2498970781453 2742.2843594460282 591.69008029950783 327.32424827804789 809.26930253650062 755.09335490432568 60.792387515073642 7066.6069619399495 18.125189040787518 35.332733944291249 673.45950541226193 116.98156986245885 1040.6136040037964 263.25042869476601 167.66443301737309 2153.7505424255505 535.29381185816601 263.40110607980751 604.85237523936667 70.535736948251724 541.84823606535792 92.640232726000249 120.8038389889989 412.53441433375701 383.4574638674967 62.692099183797836 35.320557695813477 32.255099934060127 172.78383368253708 80.791780203580856 425.65202436596155 432.83100025122985 13.354099216405301 874.32493303506635 870.51226626941934 5.9860188937745979
leaf_count=20715 763 12474 12467 4445 13266 36 472 12 4275 4181 272 1047 3241 40014 8078 1263 646 418 712 156 1975 248 23433 1625 15805 589 573 4302 782 1766 3837 3032 998 15202 161 96 4340 604 793 926 70 6230 2133 1263 4110 680 3080 196 149 2839 1882 77 245 395 262 123 1492 2591 163 9578 3561 312
internal_value=0.00273018 -0.0244353 0.0104914 0.0213638 0.0815303 0.121967 -0.00448476 -0.033909 -0.0548577 0.0498475 0.0560728 0.198832 0.229765 0.0176529 0.0136226 0.0353852 -0.0163503 -0.0254531 0.0531096 0.337301 -0.0013706 -0.00697086 0.00774105 -0.0296132 -0.0191476 0.00650863 0.0391565 0.00207603 0.119797 0.0264308 -0.0513425 -0.0335089 0.0884737 -0.0157415 0.280606 -0.00134124 0.0491141 0.097114 0.00943182 -0.0168832 -0.0250326 0.0338192 0.0636654 -0.142712 -0.169276 -0.103209 0.0177331 -0.0783571 -0.0849455 0.00883615 -0.0104105 -0.0535891 0.216018 0.232908 0.18484 -0.112275 -0.0286186 -0.149771 -0.173358 -0.0921889 -0.0792059 -0.123993
internal_weight=85014.4 18890.8 66123.6 38310.6 2224.32 1825.19 27813 16902.4 7706.12 942.545 1988.34 882.64 764.392 36086.3 32404.4 7981.95 9196.3 7930.7 3681.85 49.8723 26689 22215 13465.9 8749.07 7225.72 24422.5 7798.21 12596.7 845.745 4474.01 1173.82 6200.76 764.243 7357.14 27.2801 118.249 3631.98 790.441 23248.7 7329.86 5324.86 4146.68 1451.08 1505.37 949.045 399.137 2695.6 1124.01 875.897 1142.59 858.684 446.15 254.054 240.359 205.039 344.193 5157.19 573.565 446.185 966.965 1523.35 183.741
internal_count=251471 54624 196847 109976 27990 14044 86871 47107 26988 9624 7517 4420 3277 81986 55459 10226 20119 19473 26527 868 76625 50949 27983 22966 17430 45233 8651 27735 1956 25676 4426 17217 5443 16301 173 1143 25659 4944 40807 16128 14036 23910 14600 9771 5496 13946 9310 10246 3181 5561 4798 1959 1174 902 657 1386 13966 3172 2754 9774 5536 1575
is_linear=0
shrinkage=0.05


Tree=4
num_leaves=63
num_cat=0
split_feature=1 29 29 30 26 29 27 26 20 0 1 0 26 0 1 26 26 0 26 27 29 26 0 30 27 1 25 27 0 26 29 26 26 27 27 10 18 0 20 1 25 27 23 29 1 1 30 10 25 0 29 0 30 0 29 30 29 1 30 27 1 1
split_gain=6426.53 5401.35 4366.78 3864.97 2947.06 5368.16 6298.12 2348.79 2079.45 2073.88 1988.65 1972.58 2995.28 1932.97 1867.92 2691.32 1831.35 6309.53 1863 2577.42 2132.66 1824.31 1823.8 1791.12 1720.24 1829.67 2116.41 1701.25 1609.55 1573.17 1584.02 1314.2 1294.89 1292.31 1305.62 1231.87 1227.31 1187.74 1144.8 1087.13 1072.18 1018.64 947.553 912.179 768.282 762.584 1496.91 753.3 1065.17 681.643 669.928 651.075 770.248 747.989 691.236 619.857 559.489 500.035 485.343 595.108 483.638 461.757
threshold=81.319999694824233 0.10500013828277589 2.1050000190734868 293.85449218750006 39.500000000000007 1.8049999475479128 4.8949999809265146 1.5000000000000002 0.34017848968505865 3.8017375469207768 565.36499023437511 4.0050001144409189 5.5000000000000009 5.1099998950958261 131.74500274658206 42.500000000000007 4.5000000000000009 3.8449999094009404 12.500000000000002 3.0649999380111699 0.77000010013580333 38.500000000000007 4.0050001144409189 121.65578460693361 3.495000004768372 28.005000114440922 1.5000000000000002 4.4949998855590829 2.7050000429153447 5.5000000000000009 0.80000007152557384 61.500000000000007 135.50000000000003 3.4050000905990605 3.3149999380111699 3.242499947547913 137.45352935791018 3.0649999380111699 1.0000000180025095e-35 8.9990000724792498 20.500000000000004 4.0950000286102304 9978108287385602 1.9999998807907107 212.004997253418 18.005000114440922 66.724212646484389 3.1024999618530278 5.5000000000000009 3.2949999570846562 2.3300000429153447 4.4049999713897714 640.02032470703136 5.0950000286102304 0.30000007152557379 86.475730895996108 1.0000000180025095e-35 124.40500259399415 281.57019042968756 4.3949999809265146 30.003000259399418 37.01250076293946
decision_type=2 2 2 2 2 2 2 2 2 2 2 2 2 2 2 2 2 2 2 2 2 2 2 2 2 2 2 2 2 2 2 2 2 2 2 2 2 2 2 2 2 2 2 2 2 2 2 2 2 2 2 2 2 2 2 2 2 2 2 2 2 2
left_child=3 10 14 4 7 6 9 13 40 41 37 38 55 45 15 47 17 24 20 -20 -18 35 23 44 39 26 -26 -14 -25 -24 -31 -11 -8 34 -22 -21 -23 -2 42 -5 50 -6 -9 -17 -16 -1 -47 48 -3 -35 -7 52 54 56 -19 -13 -53 -49 -39 -60 -41 -54
right_child=1 2 -4 16 5 8 32 11 -10 31 -12 12 27 -15 22 43 18 51 19 21 33 36 29 28 25 -27 -28 -29 -30 30 -32 -33 -34 49 -36 -37 -38 58 -40 60 -42 -43 -44 -45 -46 46 -48 57 -50 -51 -52 53 61 -55 -56 -57 -58 -59 59 -61 -62 -63
leaf_value=0.048262584748038399 0.37290966202961556 -0.044296321906234233 -0.14783009820689019 -0.056198863883214482 -0.09097309192244335 0.0046031842901615256 0.24978688334686172 0.0149235874339407 -0.19523855951691427 0.023880784797454768 0.13272317691614036 -0.010300592916692887 -0.14580116031758852 -0.02697985104007268 -7.1979427693309083e-05 -0.094353756179177573 -0.073541785405119228 0.049177483459595127 0.08339871185651021 -0.0039929176181155704 -0.098228994056131211 -0.073306675453461007 -0.0042381774147197578 0.036279404446264645 0.32777659257021347 -0.055771612989648348 0.082420608127910605 -0.038822909845630069 -0.068218899237374814 -0.11476823024464813 -0.032022159712382842 -0.090225221238627251 0.059569051534935406 -0.04090998007715789 0.047275632034296543 0.037634293046333846 -0.001459997825307466 0.035743154335131748 -0.11472503995845591 0.13334990269307392 -0.16267547075175226 0.06791986463158077 0.071238880807785371 -0.20265725719686434 0.048105923952043869 0.13675605794282591 -0.00088498413790343965 -0.10396841346800197 0.0091049103386821404 -0.0048488134348205134 -0.14221526096753814 -0.030685563612370022 -0.058476445322401198 0.02603121088982583 -0.030241948880097427 0.024332669399092854 -0.11495588118567571 -0.0059484710326924931 0.012758487903848476 -0.083848585196134778 -0.055523189433041256 0.019427022804653769
leaf_weight=2070.9218066362664 22.842908559832722 3080.8642888574395 800.19666776317172 120.1862500756979 101.99846899043769 1903.1990515780635 516.0494159788359 16190.753103512805 161.92103919631336 1009.2934119482525 490.74738361313939 2387.9507926246151 442.44896299904212 685.43080699257553 1456.5739465251099 588.31671477900818 1995.2512620002963 1161.6450971066952 891.01378410030156 9033.017028394388 175.97166810557246 1428.9056519337464 1925.6759151993319 535.70133541710675 265.75183028867468 56.792277578730136 132.42654840135947 2306.2828428389039 1175.5559816947207 957.39943881332874 1462.1083416170441 335.3450551587157 109.17835739138536 3119.2619929467328 1197.1388094052672 2211.5063948244788 1017.5978082201909 1428.4744071206078 164.23868642793968 352.9234975874424 107.68914354965091 5227.6609509582631 782.2398881977424 292.62565566296689 1914.3429660191759 759.64649701490998 266.71036715293303 585.57762292702682 1339.1135034076869 2260.4017449747771 80.002092682057992 553.38167504966259 514.45230563171208 347.78876607352868 357.61230999184772 2812.4264544285834 305.95967474929057 167.49992155563086 611.88913888810202 214.45430830959231 36.899506532587111 300.69916560989805
leaf_count=18554 253 9540 3873 4466 987 2604 352 29048 5185 1151 487 4628 1915 1536 3412 4790 7067 1779 311 19309 729 12599 3601 874 4365 1343 663 5068 4746 3293 2890 3874 73 9062 1267 2730 3280 5412 1509 5137 1251 21394 387 1653 1746 5506 931 2475 2543 4841 335 1825 1796 614 931 3688 1279 282 1761 993 1013 465
internal_value=0.00256869 -0.0230243 -0.034003 0.0099273 0.020206 0.0442784 0.0650994 0.0122394 -0.0231825 0.0508643 0.0415307 0.00670015 -0.0138847 0.0489619 -0.0281101 -0.0497814 -0.00425988 0.0249164 -0.00989671 0.00104697 -0.0281373 -0.00431782 -0.014189 0.00614523 0.138186 0.208805 0.246599 -0.0560912 -0.0355012 -0.0379692 -0.0648007 -0.00461878 0.216727 -0.0147119 0.0285669 0.00419625 -0.0434376 0.0218304 0.016249 0.0748926 -0.00976887 0.0648616 0.0175233 -0.130524 0.0272929 0.0657728 0.101018 -0.0360078 -0.0281179 -0.0257626 -0.00138562 -0.00597561 0.00943951 -0.0357734 0.0304724 0.00842961 -0.0607937 -0.0822102 0.0181078 -0.0123782 0.115363 -0.0297441
internal_weight=85307.9 19050 16281.6 66258 38421.4 9552.34 7299.53 28869.1 2252.81 6674.3 2768.41 25086.3 7949.11 3782.71 15481.4 6054 27836.6 4506.52 23330.1 14582 8748.03 13691 9427.36 5082.17 964.98 454.971 398.178 2748.73 1711.26 4345.18 2419.51 1344.64 625.228 6752.77 1373.11 11244.5 2446.5 2277.66 17137.2 510.009 2090.89 5329.66 16973 880.942 3370.92 3097.28 1026.36 5173.06 4419.98 5379.66 1983.2 3541.54 2334.41 1207.13 1519.26 5200.38 859.341 753.078 2254.82 826.343 389.823 815.151
internal_count=251471 54624 45718 196847 109976 37206 27831 72770 9375 27406 8906 46243 15299 26527 41845 21283 86871 25676 61195 38229 22966 37918 20562 10778 16987 6371 5028 6983 5620 9784 6183 5025 425 15899 1996 22039 15879 8419 30944 10616 4190 22381 29435 6443 5158 24991 6437 14840 12083 13903 2939 8689 4971 3718 2710 8316 3104 2757 8166 2754 6150 2261
is_linear=0
shrinkage=0.05


Tree=5
num_leaves=63
num_cat=0
split_feature=27 1 0 29 25 29 27 5 1 5 29 1 1 26 26 29 26 1 27 0 1 0 10 1 5 26 5 6 19 1 26 18 1 0 1 1 0 9 27 5 20 23 1 25 1 8 0 26 19 0 12 1 1 1 0 1 1 1 0 1 1 1
split_gain=5998.21 6366.74 6181.51 4550.59 2979.8 4815.65 3042.62 2911.41 3157.29 2675.27 3024.65 2670.03 3302.34 2478.71 2124.66 1998.66 2140.17 1976.84 1975.8 1781.55 1553.39 1318.45 1204.42 1182.67 2585.67 1038.45 1934.58 1016.18 985.553 815.798 755.765 741.434 625.305 604.396 602.286 567.675 535.636 520.725 512.827 510.385 503.651 459.415 459.239 458.424 433.39 387.757 384.404 378.563 350.063 349.524 342.711 342.682 1211.24 338.047 336.753 478.27 341.838 312.187 306.61 299.412 1533.23 252.838
threshold=2.6049998998641972 81.319999694824233 4.6099998950958261 2.1050000190734868 17.500000000000004 1.7199999094009402 4.8949999809265146 17.500000000000004 1.0000000180025095e-35 19.500000000000004 1.1999999284744265 32.004999160766609 35.001499176025398 10.500000000000002 4.5000000000000009 1.8049999475479128 64.500000000000014 60.003999710083015 4.4949998855590829 3.8449999094009404 10.001999855041506 4.3949999809265146 3.5025000572204594 126.6004981994629 3.5000000000000004 93.500000000000014 9.5000000000000018 1.5000000000000002 0.91477918624877941 61.004999160766609 97.500000000000014 129.57999420166018 22.904999732971195 5.1099998950958261 122.11000061035158 74.014999389648452 4.4049999713897714 0.10000026226043703 4.4949998855590829 6.5000000000000009 1.4207336306571963 5976972857442305 32.815000534057624 28.500000000000004 187.20500183105472 3.6750000715255742 4.930000066757203 34.500000000000007 567.91156005859386 4.930000066757203 1.7603571414947512 32.815000534057624 34.895000457763679 171.38999938964847 4.805000066757203 21.005000114440922 22.001000404357914 611.83502197265636 4.0965147018432626 3.4415000677108769 3.0004999637603764 208.01499938964847
decision_type=2 2 2 2 2 2 2 2 2 2 2 2 2 2 2 2 2 2 2 2 2 2 2 2 2 2 2 2 2 2 2 2 2 2 2 2 2 2 2 2 2 2 2 2 2 2 2 2 2 2 2 2 2 2 2 2 2 2 2 2 2 2
left_child=2 4 11 22 7 6 9 13 -9 10 -6 20 51 14 19 16 -15 -14 -16 -2 21 59 23 24 34 26 -25 30 -17 -19 31 -24 33 50 -3 -31 -23 58 45 -34 -11 -39 -40 -8 -27 -10 -26 -5 -41 54 -7 -13 -53 -32 55 -4 -57 -58 -29 60 -1 -51
right_child=1 3 49 47 5 32 43 8 38 40 -12 12 17 15 18 28 -18 29 -20 -21 -22 36 27 25 46 44 -28 37 -30 35 53 -33 39 -35 -36 -37 -38 41 42 48 -42 -43 -44 -45 -46 -47 -48 -49 -50 61 -52 52 -54 -55 -56 56 57 -59 -60 -61 -62 -63
leaf_value=-0.054276541641706824 0.075247073848463422 -0.013147197979807318 -0.031912710659108966 -0.093371401478862817 0.14894362032796976 -0.17881326251096455 0.21173745248920395 0.67792361773974319 -0.088336984476252545 -0.09832188211204107 0.025685137062035169 0.60762580558987334 -0.053970102912237264 0.019588594519878436 -0.036018221983995298 0.052106794458716327 0.1483512363373557 0.54430222316706434 0.0047974193562821702 0.0038034297357871817 -0.055233038931295733 0.27407698124996743 -0.10225186701083322 -0.0060543532912513938 -0.11244852621660387 -0.052331292519338851 -0.15310713198712703 0.088050010011768279 -0.011445158102690528 -0.051938975467997167 -0.10582320043018656 -0.028721617958023582 -0.19359350969413802 0.057646176535184439 -0.10054807517511731 0.20112655966653561 0.13431559133317778 -0.061071233530538782 -0.16905592958690524 -0.15676025812655922 0.020410680587405056 0.059486139513142036 -0.037541353434599141 0.096561230186005487 0.049289845046147696 -0.017827572270750932 0.024889966755618335 -0.16709117851815211 0.027312147131890719 -0.0083920216520090938 -0.73416891278945506 -0.050079698728658674 0.46723842995823167 0.052169835692777493 0.074199551150142859 0.19760229336512569 0.00024186371218281821 0.14834091932418034 -0.0006961732987819521 0.035443370023880427 0.5475611879225013 -0.17110260252557463
leaf_weight=27.579015212133527 962.76863229228184 4476.0967039642856 318.52866598963737 267.69316664687358 844.5300028193742 196.74015909910668 400.35456328175496 12.839423148194326 491.94671147176996 291.28835562162567 1211.5082241501659 29.854151428677142 88.376554798800498 27784.494085770566 7650.8332078848034 660.19612147612497 325.53964305156842 16.093957019038498 4840.1561731959227 9227.3406863848213 167.7296637846157 123.44716905802488 1234.3082084089983 8024.3699824560899 957.02724030823447 115.22952802991495 229.07694086967967 163.62485969648696 7883.7357303020544 22.836618529632688 41.654980779625475 476.18878311221488 42.596317523391917 28.155132654123008 205.25477368570864 470.36244544247165 162.18454372882843 441.79602638585493 247.20516172761563 29.982592761167325 128.0941129908897 95.309571616351604 91.688442500540987 113.60936274309643 1089.1262606452219 323.93303495948203 53.403387628495693 527.53720345220063 154.25982451974414 1025.6073613241315 1.9410395792219777 12.995876337867228 77.196223149076104 163.31374161690474 293.17383481562138 37.855682492256165 151.80791856348515 45.506499662995338 237.76522096246481 324.80868924269453 16.000209730118513 23.454632759094238
leaf_count=861 17995 11783 1664 1142 3351 7040 133 17 3211 13264 7206 73 1561 44623 21345 494 3060 34 8408 20080 4144 1361 5632 17651 5031 412 1478 62 15601 376 681 1153 380 6 931 3533 2641 1381 1776 801 1356 40 242 165 326 1528 53 2685 490 2284 145 231 351 30 884 4 609 12 294 7062 53 135
internal_value=0.00281382 0.000125582 0.0675419 -0.0254535 0.00764569 0.0528842 0.0759233 0.00507036 -0.0730835 0.0528914 0.0763645 0.141939 0.212364 0.00660959 -0.00638148 0.0146484 0.0210852 0.163765 -0.020203 0.0105607 0.0802397 0.115022 -0.0202787 -0.0146631 -0.0326693 -0.00382397 -0.0101545 -0.0500703 -0.00652834 0.20159 -0.0709456 -0.0818133 -0.0987484 -0.157293 -0.017001 0.189317 0.195482 -0.00742847 -0.0820173 -0.0397488 -0.0620826 -0.0395982 -0.133704 0.186525 0.0395275 -0.0604045 -0.105168 -0.14243 -0.00330032 0.00708761 -0.187913 0.450928 0.392911 0.0196794 0.0309649 0.00797139 0.0619204 0.0349988 0.0355973 0.0522628 0.173904 -0.0121941
internal_weight=86179.9 82744.5 3435.4 18798.8 63945.7 3443.06 2989.38 60502.7 1167.61 2475.42 2056.04 1539.47 717.716 59335.1 22681.1 36654 28110 597.67 12491 10190.1 821.749 654.02 18003.5 15149.6 5691.78 9457.8 8253.45 2853.96 8543.93 509.293 1915.47 1710.5 453.675 226.836 4681.35 493.199 285.632 938.496 1154.77 226.839 419.382 537.106 338.894 513.964 1204.36 815.88 1010.43 795.23 184.242 1895.93 198.681 120.046 90.1921 204.969 846.873 553.699 235.17 197.314 401.39 368.388 43.5792 1049.06
internal_count=251355 223482 27873 50765 172717 34337 25475 138380 6774 25177 10557 22281 6159 131606 67828 63778 47683 5504 29753 38075 16122 11978 46938 37665 17798 19867 19129 9273 16095 3943 7496 6785 8862 7191 12714 3909 4002 1777 6757 1671 14620 1421 2018 298 738 4739 5084 3827 1291 5592 7185 655 582 711 3173 2289 625 621 356 7976 914 2419
is_linear=0
shrinkage=0.05


Tree=6
num_leaves=45
num_cat=0
split_feature=27 28 29 26 20 26 29 5 26 29 28 29 23 27 26 26 28 27 28 24 29 26 27 29 10 8 26 15 26 5 26 26 15 29 7 28 29 26 29 24 23 26 22 26
split_gain=5022.21 4327.4 2723.76 3654.19 2321.62 2186.05 2880.67 1761.66 2234.62 5076.12 1922.45 1658.81 1635.94 1450.36 1390.28 1112.21 1805.26 1530.67 885.956 1186.18 762.894 1110.34 674.914 578.436 557.795 856.565 418.394 243.447 386.527 147.95 262.463 246.891 114.009 112.381 95.5643 44.0376 160.762 30.4447 23.0782 4.29241 38.2868 3.99795 0.177654 0.14979
threshold=2.6049998998641972 30.500000000000004 1.8049999475479128 12.500000000000002 0.77552610635757457 4.5000000000000009 0.8999999761581422 19.500000000000004 61.500000000000007 1.1999999284744265 16.500000000000004 1.6000000238418581 11328260784783362 3.4050000905990605 5.5000000000000009 31.500000000000004 10.500000000000002 4.4949998855590829 31.500000000000004 -8.4910001754760724 1.4999998807907107 2.5000000000000004 4.8949999809265146 0.8999999761581422 3.4424999952316289 3.6550000905990605 134.50000000000003 12.500000000000002 84.500000000000014 1.0000000180025095e-35 2.5000000000000004 1.0000000180025095e-35 8.5000000000000018 1.9999998807907107 3.7949999570846562 1.5000000000000002 2.1749999523162846 34.500000000000007 0.99999988079071056 -14.90000009536743 0.42486660182476049 149.50000000000003 15.42240619659424 97.500000000000014
decision_type=2 2 2 2 2 2 2 2 2 2 2 2 2 2 2 2 2 2 2 2 2 2 2 2 2 2 2 2 2 2 2 2 2 2 2 2 2 2 2 2 2 2 2 2
left_child=29 2 3 5 12 20 14 8 10 -10 -5 18 15 -8 -7 17 -17 -4 19 -3 23 -22 38 -2 25 -9 34 33 -29 30 31 -1 -26 -6 -13 -14 -37 -35 43 -28 42 -40 -41 -20
right_child=1 11 4 7 27 6 13 24 9 -11 -12 26 35 -15 -16 16 -18 -19 22 -21 21 -23 -24 -25 32 -27 39 28 -30 -31 -32 -33 -34 37 -36 36 -38 -39 41 40 -42 -43 -44 -45
leaf_value=0.060753962638346842 0.0075539953157215071 0.54419398811202002 -0.067484305901624533 0.015655922185592138 -0.083498836009772245 -0.012501547451738699 0.052439717227556783 -0.070175197674406498 0.17371239836811961 -0.013827216366011334 -0.083225138665638618 0.20569654826355444 0.074633313033214826 -0.010022126548633234 -0.060208525230719956 -0.054347124586208544 0.0063498379603804198 -0.00065317986398086487 -0.23961819581186289 -0.10740602798547667 0.49199258290786246 0.062208404060155965 0.045942902059217236 -0.037897097712423666 -0.099835620684745496 0.032373100742561028 0.059281498257479776 -0.82953145702491027 -0.059273925659508724 -0.075015802866922665 0.18903660234375982 -0.065230330096614483 -0.21678289022360767 -0.096033803892467046 0.15775268093020761 0.068976774880410763 -0.022150494786200174 -0.16740953438963418 -0.11078360220152053 -0.093308711939219205 0.053009081173147982 -0.037912118448516136 -0.030689261793188562 -0.10924609814500377
leaf_weight=3547.8439338714816 13512.622669018805 16.04370568855666 973.66522632190026 30832.901257960591 60.814053248148412 2239.6949468851089 1016.1617380529642 487.02919370541349 703.73658932489343 738.98590999655426 498.52130927052349 184.08188671991229 346.11798202432692 10765.144929223228 4805.2394812155981 4318.2057065822883 1709.5714924767381 7084.6164952497929 4.3859492710325858 11.335937568219377 17.731467167148367 78.228098654886708 171.70162914437242 737.24209361360408 239.84099662280641 348.56467172224075 33.612826544558629 2.4391483471263191 3.4411709739360958 19.322190019767731 38.724258538335562 38.507348265033215 22.989216508110985 21.348939942661673 325.07564127258956 198.62603408971336 63.249722176347859 229.27781816350762 86.708114039385691 3.558362338691949 32.844865212682635 3.4945732899941495 1.8147306300234047 3.1439251678530127
leaf_count=26095 42667 15 3394 51911 784 4714 946 7253 5189 10628 1625 40 105 24036 14455 13504 2571 13845 59 199 217 1108 92 4889 4050 5710 8 213 1384 474 128 1176 922 159 94 85 187 3258 1409 142 133 989 404 89
internal_value=0.00263964 0.000114836 -0.00106706 0.00324345 -0.0203182 -0.00855196 -0.0197561 0.014795 0.0168831 0.0777051 0.0140798 0.110478 -0.0174225 -0.00463025 -0.0450464 -0.0208903 -0.0371335 -0.00873624 0.0142178 0.279959 0.00615147 0.145931 -0.0137035 0.00519966 -0.0474621 -0.027404 0.159538 -0.153915 -0.453631 0.0600782 0.0608202 0.059382 -0.110867 -0.146807 0.175465 0.0628134 0.0469476 -0.161755 -0.117948 0.0457124 0.0324435 -0.108462 -0.0810779 -0.20496
internal_weight=86578.2 82933.8 82056 67044.6 15011.4 33172.1 18826.2 33872.6 32774.1 1442.72 31331.4 877.802 14694.1 11781.3 7044.93 14086.1 6027.78 8058.28 296.814 27.3796 14345.8 95.9596 269.434 14249.9 1098.42 835.594 580.988 317.321 5.88032 3644.4 3625.08 3586.35 262.83 311.441 509.158 607.994 261.876 250.627 97.7326 71.8308 38.218 90.2027 5.37309 7.52987
internal_count=251355 223482 219809 180320 39489 93032 44151 87288 69353 15817 53536 3673 33691 24982 19169 33314 16075 17239 2852 214 48881 1325 2638 47556 17935 12963 821 5798 1597 27873 27399 27271 4972 4201 134 377 272 3417 2546 687 679 2398 546 148
is_linear=0
shrinkage=0.05


end of trees

feature_importances:
trigger_depth=66
trigger_mag=58
r100_n_30d=51
r100_mag_range_30d=43
r100_max_mag_30d=40
r100_n_m4_30d=17
n_events_30d=16
r100_hours_since_m4=15
median_mag_7d=9
moment_accel=9
r100_n_7d=8
depth_to_peak=7
depth_trend_7d=7
max_mag_72h=6
active_ratio_7d_30d=6
hours_since_last=5
b_value_14d=5
max_mag_7d=4
mag_range_7d=4
hours_since_m4=4
moment_7d_log=4
n_events_7d=3
n_m4_events_7d=2
rumble_ratio=2
n_events_24h=1
energy_ratio_24h_48h=1

parameters:
[boosting: gbdt]
[objective: binary]
[metric: auc]
[tree_learner: serial]
[device_type: cpu]
[data_sample_strategy: bagging]
[data: ]
[valid: ]
[num_iterations: 500]
[learning_rate: 0.05]
[num_leaves: 63]
[num_threads: 0]
[seed: 0]
[deterministic: 0]
[force_col_wise: 0]
[force_row_wise: 0]
[histogram_pool_size: -1]
[max_depth: 7]
[min_data_in_leaf: 50]
[min_sum_hessian_in_leaf: 0.001]
[bagging_fraction: 0.8]
[pos_bagging_fraction: 1]
[neg_bagging_fraction: 1]
[bagging_freq: 5]
[bagging_seed: 3]
[bagging_by_query: 0]
[feature_fraction: 0.7]
[feature_fraction_bynode: 1]
[feature_fraction_seed: 2]
[extra_trees: 0]
[extra_seed: 6]
[early_stopping_round: 0]
[early_stopping_min_delta: 0]
[first_metric_only: 0]
[max_delta_step: 0]
[lambda_l1: 0.1]
[lambda_l2: 1]
[linear_lambda: 0]
[min_gain_to_split: 0]
[drop_rate: 0.1]
[max_drop: 50]
[skip_drop: 0.5]
[xgboost_dart_mode: 0]
[uniform_drop: 0]
[drop_seed: 4]
[top_rate: 0.2]
[other_rate: 0.1]
[min_data_per_group: 100]
[max_cat_threshold: 32]
[cat_l2: 10]
[cat_smooth: 10]
[max_cat_to_onehot: 4]
[top_k: 20]
[monotone_constraints: ]
[monotone_constraints_method: basic]
[monotone_penalty: 0]
[feature_contri: ]
[forcedsplits_filename: ]
[refit_decay_rate: 0.9]
[cegb_tradeoff: 1]
[cegb_penalty_split: 0]
[cegb_penalty_feature_lazy: ]
[cegb_penalty_feature_coupled: ]
[path_smooth: 0]
[interaction_constraints: ]
[verbosity: -1]
[saved_feature_importance_type: 0]
[use_quantized_grad: 0]
[num_grad_quant_bins: 4]
[quant_train_renew_leaf: 0]
[stochastic_rounding: 1]
[linear_tree: 0]
[max_bin: 255]
[max_bin_by_feature: ]
[min_data_in_bin: 3]
[bin_construct_sample_cnt: 200000]
[data_random_seed: 1]
[is_enable_sparse: 1]
[enable_bundle: 1]
[use_missing: 1]
[zero_as_missing: 0]
[feature_pre_filter: 1]
[pre_partition: 0]
[two_round: 0]
[header: 0]
[label_column: ]
[weight_column: ]
[group_column: ]
[ignore_column: ]
[categorical_feature: ]
[forcedbins_filename: ]
[precise_float_parser: 0]
[parser_config_file: ]
[objective_seed: 5]
[num_class: 1]
[is_unbalance: 0]
[scale_pos_weight: 203.577]
[sigmoid: 1]
[boost_from_average: 1]
[reg_sqrt: 0]
[alpha: 0.9]
[fair_c: 1]
[poisson_max_delta_step: 0.7]
[tweedie_variance_power: 1.5]
[lambdarank_truncation_level: 30]
[lambdarank_norm: 1]
[label_gain: ]
[lambdarank_position_bias_regularization: 0]
[eval_at: ]
[multi_error_top_k: 1]
[auc_mu_weights: ]
[num_machines: 1]
[local_listen_port: 12400]
[time_out: 120]
[machine_list_filename: ]
[machines: ]
[gpu_platform_id: -1]
[gpu_device_id: -1]
[gpu_use_dp: 0]
[num_gpu: 1]

end of parameters

pandas_categorical:null
