tree
version=v4
num_class=1
num_tree_per_iteration=1
label_index=0
max_feature_idx=30
objective=binary sigmoid:1
feature_names=trigger_mag trigger_depth n_events_24h n_events_72h n_events_7d n_events_30d n_m4_events_7d max_mag_72h max_mag_7d mag_range_7d median_mag_7d consec_up rumble_ratio mag_trend_72h double_tap_count depth_to_peak active_ratio_7d_30d rate_accel_6h_24h hours_since_last hours_since_m4 b_value_14d energy_ratio_24h_48h moment_7d_log moment_accel depth_trend_7d r100_n_7d r100_n_30d r100_max_mag_30d r100_n_m4_30d r100_mag_range_30d r100_hours_since_m4
feature_infos=[2.5:8.3000001907348633] [-3.630000114440918:750] [0:166] [0:184] [0:243] [0:658] [0:62] [0:4.9899997711181641] [0:4.9899997711181641] [0:2.429999828338623] [0:4.9899997711181641] [0:10] [0:1.8846155405044556] [-1.2000000476837158:1.2000000476837158] [0:8] [0:155] [0:1] [0:126] [0:999] [0:999] [0:9.3670949935913086] [0:9840532480] [0:17.591703414916992] [0:1.9528699180849562e+17] [-101.5:283.5] [0:256] [0:1677] [0:4.9899997711181641] [0:115] [0:2.4600000381469727] [0:999]
tree_sizes=6698 6736 6730

Tree=0
num_leaves=63
num_cat=0
split_feature=0 29 26 26 19 29 10 0 29 11 29 4 26 26 26 15 29 29 26 15 17 29 0 0 0 8 29 0 6 26 16 4 29 16 0 0 4 26 26 19 19 29 29 0 26 24 24 26 26 15 22 26 22 29 29 0 0 16 0 0 25 23
split_gain=108626 61848.2 42964.3 21239.7 21224.1 15563.8 12530.7 11220.5 9898.42 8013.09 7532.49 7292.56 6269.06 5637.18 4989.85 4985.12 4953.79 5152.44 4188.83 4691.87 3989.38 3798.27 3724.09 3671.5 3440.36 3398.98 3316.4 3236.37 3055.68 3021.91 2891.44 2876.38 2857.81 2778.46 2646 2396.68 2294.65 2261.38 2238.4 2056.55 1718.72 1573.44 1542.9 1469.03 1445.09 1436.45 1598.19 1372.5 1256.69 1239.5 1013.92 916.189 889.901 855.538 824.359 761.22 728.339 668.22 601.503 589.606 587.141 575.692
threshold=3.9750000238418584 1.289999842643738 1.5000000000000002 153.50000000000003 859.49984741210949 1.6900001764297488 3.0525000095367436 4.7049999237060556 0.30000007152557379 5.5000000000000009 0.91499996185302745 7.5000000000000009 3.5000000000000004 7.5000000000000009 1.0000000180025095e-35 3.5000000000000004 1.5000001192092898 1.4999998807907107 46.500000000000007 8.5000000000000018 5.0499999523162851 1.604999899864197 3.495000004768372 5.7349998950958261 3.495000004768372 4.1949999332427987 1.7000001668930056 3.6950000524520878 7.5000000000000009 187.50000000000003 0.9506097435951234 16.500000000000004 1.300000071525574 0.7510683834552766 4.805000066757203 5.3150000572204599 1.5000000000000002 209.50000000000003 2.5000000000000004 668.54446411132824 591.01705932617199 2.2849999666213994 0.54000008106231701 4.4949998855590829 1.0000000180025095e-35 -1.5999999642372129 0.40000002086162573 132.50000000000003 10.500000000000002 25.500000000000004 16.311612129211429 67.500000000000014 16.729670524597172 1.1000000238418581 2.0950000286102299 4.4949998855590829 4.0965147018432626 0.14075871556997302 4.805000066757203 2.7512224912643437 1.0000000180025095e-35 0.084056425839662566
decision_type=2 2 2 2 2 2 2 2 2 2 2 2 2 2 2 2 2 2 2 2 2 2 2 2 2 2 2 2 2 2 2 2 2 2 2 2 2 2 2 2 2 2 2 2 2 2 2 2 2 2 2 2 2 2 2 2 2 2 2 2 2 2
left_child=1 4 7 5 11 21 28 14 24 13 12 38 34 50 43 -15 17 32 19 27 22 25 -20 44 59 31 -18 -10 36 -19 49 -3 -8 -27 42 37 54 39 -1 52 48 -28 -4 -2 58 -13 -47 -40 55 -11 -7 -41 -12 -48 -5 -14 -16 -49 -9 -6 -26 -42
right_child=2 3 10 6 8 9 16 23 18 30 35 45 40 15 56 -17 26 29 20 -21 -22 -23 -24 -25 60 33 41 -29 -30 -31 -32 -33 -34 -35 -36 -37 -38 -39 47 51 61 -43 -44 -45 -46 46 53 57 -50 -51 -52 -53 -54 -55 -56 -57 -58 -59 -60 -61 -62 -63
leaf_value=-3.0743744352371642 -2.8578063246674534 -2.6949834506523289 -2.433179851669883 -3.0751301430505542 -3.2076700941559588 -2.8699770267532574 -2.2336202553002646 -2.7664779429885811 -2.8742133448584779 -3.0773221151484029 -2.4140622620488323 -2.5305965210613888 -2.3407919198474341 -2.505577566664186 -2.8312696300385234 -2.7560761999411674 -3.3039590315737648 -3.039427608239166 -3.1875849227855628 -2.1297393234882449 -2.2114589785491736 -3.3030270664494981 -2.8294408748943218 -2.1524928485979817 -2.9664269975627926 -2.4051779599668994 -2.5615823867831349 -2.6910274198091328 -2.1150700413167107 -2.0165465486101501 -1.9429365562905083 -3.2124614179984619 -2.8685974693994076 -2.9717705849139247 -2.2524134924522734 -2.1470422857333196 -3.2683420542201649 -3.1252848653876022 -2.5290699367270424 -2.5301394861780921 -2.3272386774438458 -3.2993930663009787 -2.6390061118699144 -2.719099735097084 -2.3962173909396145 -3.2608392629987524 -3.2962035524719986 -3.2982030071411339 -2.1647871400979142 -2.1995780952356281 -2.3534083599772124 -2.8508370946799233 -3.094734815245066 -2.5715366617130218 -2.5476928567973047 -2.2217049289473003 -2.5969586275186773 -2.7628363759359527 -2.553200499047994 -3.1003298311657908 -2.786018930060056 -2.5561948850205032
leaf_weight=21.619789898395538 490.67457178235054 2055.5522793531418 794.26426669955254 16.071547076106075 211.64764580130577 147.72985145449638 21.98289743065834 51.918269395828247 1914.1648487448692 10.559128090739252 900.605065330863 10.75181160867214 397.46873810887337 3213.8664428293705 42.774078547954559 220.54294747114182 43.525961861014366 8.9112315922975522 219.33196313679218 22.153112813830376 13.237220689654349 24.754271313548088 107.86661612987518 89.951288923621178 174.79465593397617 168.67065750062466 37.337967768311501 281.33704188466072 5.56180715560913 52.245970353484154 79.759511634707451 27.396331444382668 90.962008371949196 26.299356833100319 207.95285078883171 63.830634012818336 210.93986423313618 13.639978066086767 605.80848699808121 573.26200957596302 624.77557326853275 8.741016209125517 121.41310428082943 341.21265497803688 179.80762751400471 58.563069567084312 5.3019278645515469 7.0931197106838217 528.83022555708885 6.0633408725261679 9.9234114587306959 27.57565926015377 5.3691236376762381 14.934296727180479 14.432763010263441 407.40654842555523 590.90472768247128 27.71005080640316 222.71122844517231 327.55660900473595 66.368840008974075 45.698486104607582
leaf_count=504 9468 33250 8838 374 5510 2880 141 902 37562 245 9692 126 3707 40285 796 3818 1215 199 5625 96 71 691 2016 496 3735 1773 495 4520 6 140 112 715 1768 560 1576 339 5739 331 7856 7445 5674 244 1822 5669 1860 1585 148 198 3145 20 78 521 125 193 179 2865 8435 475 2983 7850 1181 604
internal_value=-2.60884 -2.70873 -2.45156 -2.61286 -2.86123 -2.58645 -2.92337 -2.64576 -2.91548 -2.52252 -2.36888 -2.62114 -2.32314 -2.53502 -2.71855 -2.52151 -2.68433 -2.52915 -2.86791 -2.84279 -3.03227 -2.68912 -3.06857 -2.45115 -3.07171 -2.68243 -2.99057 -2.85049 -3.17985 -2.15967 -2.06919 -2.70176 -2.7371 -2.47975 -2.42053 -2.4597 -3.20899 -2.47355 -2.56389 -2.46774 -2.26899 -2.69965 -2.45977 -2.80033 -2.51256 -3.04754 -3.12631 -2.54697 -2.23311 -2.71524 -2.83196 -2.54416 -2.41791 -2.75472 -2.81094 -2.2793 -2.61208 -2.87029 -2.59159 -3.14229 -2.91503 -2.34178
internal_weight=17314.1 10592.1 6722.05 6501.83 4090.24 5991.12 510.713 2009.95 3338.46 3688.44 4712.09 751.783 3127.81 3592.06 1465.57 3434.41 263.707 174.102 2558.09 2217.66 340.436 2302.67 327.199 544.388 780.368 2277.92 89.6049 2195.5 247.006 61.1572 96.382 2082.95 112.945 194.97 1123.63 1584.28 241.444 1520.45 662.231 1506.81 2004.18 46.079 915.677 831.887 454.437 89.5511 78.7993 640.612 1333.71 16.6225 157.653 600.838 905.974 20.2362 30.5043 804.875 633.679 34.8032 274.629 539.204 241.163 670.474
internal_count=251471 174178 77293 94927 79251 84427 10500 30609 68166 47438 46684 11085 28231 47061 24368 44103 4202 2248 49890 42178 7712 36989 7641 6241 18276 36298 1954 42082 6298 339 377 33965 1909 2333 12236 18453 6292 18114 9033 17783 15995 739 10660 15137 5745 2052 1926 8529 9717 265 2958 7966 9817 341 553 6572 9231 673 3885 13360 4916 6278
is_linear=0
shrinkage=1


Tree=1
num_leaves=63
num_cat=0
split_feature=27 1 0 28 20 29 1 27 23 1 29 28 20 20 23 0 20 20 12 20 27 29 28 15 27 7 18 27 27 23 27 2 20 1 0 12 27 20 3 27 12 22 24 29 0 18 28 1 12 16 1 1 21 29 16 1 20 1 1 27 29 13
split_gain=35771.9 7398.48 8183.62 5844.16 4111.69 3381.56 2648.47 2894.99 2596.93 3190.95 2547.2 2175.64 2022.67 1826.81 4202.46 2346.4 1768.56 1711.54 1577.82 1550.71 1524.14 1502.59 1493.71 1372.6 1295.42 1550.75 1124.25 1100.49 1050.83 906.988 871.872 862.052 843.266 825.187 768.159 727.916 1405.89 968.237 954.76 741.379 720.556 643.358 633.119 564.721 543.275 520.756 482.648 692.826 628.552 435.482 392.166 355.493 348.594 344.563 296.251 287.605 400.803 236.832 498.578 290.619 284.617 198.778
threshold=4.2950000762939462 18.875000000000004 4.5099999904632577 2.5000000000000004 1.0730298161506655 0.5950000286102296 15.000500202178957 4.5950000286102304 5976972857442305 18.875000000000004 1.2700001001358034 55.500000000000007 0.52279877662658703 1.6236325502395632 2.0842106342315678 3.1650000810623173 0.50297442078590404 0.2995134592056275 1.1666666865348818 1.974066495895386 2.8950001001358037 2.1999999284744267 31.500000000000004 4.5000000000000009 4.0850000381469735 2.9450000524520878 366.52087402343756 4.3949999809265146 4.0950000286102304 9978108287385602 4.5950000286102304 6.5000000000000009 0.87808918952941906 401.48500061035162 4.805000066757203 1.250000059604645 3.8249999284744267 0.87146016955375682 3.5000000000000004 3.995000004768372 1.6014780402183535 14.169708728790285 0.042630571871995933 1.300000071525574 2.8449999094009404 0.074627641588449492 14.500000000000002 53.002000808715827 1.111111104488373 0.25933673977851873 9.9994997978210467 10.001999855041506 561149408.00000012 0.92000019550323497 0.88548949360847484 25.005000114440922 0.50297442078590404 25.704999923706058 29.005000114440922 3.995000004768372 1.3200000524520876 0.08499994128942491
decision_type=2 2 2 2 2 2 2 2 2 2 2 2 2 2 2 2 2 2 2 2 2 2 2 2 2 2 2 2 2 2 2 2 2 2 2 2 2 2 2 2 2 2 2 2 2 2 2 2 2 2 2 2 2 2 2 2 2 2 2 2 2 2
left_child=1 2 13 5 6 -2 7 12 9 16 17 22 43 15 -15 20 30 24 28 -18 44 42 45 -23 25 33 35 -24 -17 41 -7 40 -22 -3 51 38 -37 -38 39 -12 -11 49 -9 -5 -1 -8 48 -48 -26 -6 -10 -4 -52 -27 -40 56 -19 60 -59 -60 -28 -20
right_child=3 10 34 4 29 8 11 21 50 31 26 -13 -14 14 -16 18 19 55 61 -21 32 23 27 -25 46 53 57 -29 -30 -31 -32 -33 -34 -35 -36 36 37 -39 54 -41 -42 -43 -44 -45 -46 -47 47 -49 -50 -51 52 -53 -54 -55 -56 -57 -58 58 59 -61 -62 -63
leaf_value=-0.014919773496600367 0.37455821373716613 0.26479524488939366 0.30650099984114587 0.34387308099895297 0.054607080858450043 0.2116026028998691 0.50805956525583706 0.40478309659249789 0.56847828224274499 0.32453340347843174 0.29565511830089591 -0.051447499039385551 -0.051958952417225812 -0.051505987697156225 0.494444002025546 0.20457428240881848 -0.00032834125432787571 -0.04799521495833603 -0.018279917020065733 0.59361228156126999 0.17582136453212321 0.30703010722290036 0.039226041262247019 -0.050703293227070526 0.32545225677962769 0.16770162855043333 0.51729091850188469 0.5019994383320564 0.27736659740254849 0.55629328124268151 0.29966201396535835 -0.04987480492409594 0.075609451609759348 0.40044653979290334 0.38938758315149025 0.74992737732708281 0.45276800779762794 -0.048579771633242556 0.035637274204485335 0.40620638544254456 0.61200803898021261 -0.051911565864145762 0.30153106543278302 0.27281932892322669 0.13660281467239854 0.39577674523677364 0.06495421218663737 0.51326317847039371 -0.048953923446629209 0.52574961598176972 0.21819272920267696 0.10225355827689608 0.46875491070025066 0.01052776953887743 0.35927948012602817 -0.051889894706974887 0.35569921327237236 0.017584849792418072 0.21569319439661469 0.31347566286040029 0.2981902361799173 0.16747443836972431
leaf_weight=174.59957805275917 2265.0037790611386 2229.1959866024554 326.21561250835657 489.66532167419791 11.397973861545326 754.53295050933957 116.41187232732773 1964.5910268612206 88.440233286470175 2104.9839039742947 214.1025445535779 26.376894298940897 41.660958491265774 47.850666593760252 130.82340666279197 1520.5667184703052 122.05712828412652 11.429685261100532 74.916881088167429 11.075101405382155 1830.9549534581602 192.6207675896585 13.415646329522131 30.795650262385607 838.32919631525874 81.228216290473938 26.285680141299963 466.58287648484111 757.35495271161199 7.5490306615829459 467.47163236886263 14.941786281764506 239.73549798503518 121.67195405438542 581.99005724489689 39.324925854802132 47.637272462248802 11.759329963475464 28.632534045726061 685.47664874792099 22.394259698688984 72.15504302829504 177.41559055075049 758.96543118357658 88.304598346352577 10263.528214011341 10.247064024209974 67.524513982236385 11.090527333319185 8.0128659121692163 22.938031043857336 24.227805782109499 51.049384217709303 60.913723681122065 8.5287822373211366 43.108681902289391 11.753899101167915 17.88600730150938 114.55687986314297 319.85311158373952 50.630083531141281 16.779512975364923
leaf_count=4437 13291 28089 3199 3062 167 7644 386 8730 207 16376 2139 484 755 1055 174 20865 2098 267 1420 46 26815 1511 188 726 7147 1170 136 1708 7690 4 3840 270 4090 1045 2851 47 301 225 468 4738 62 1645 1525 6697 1811 51213 119 288 174 23 211 324 206 1133 86 858 97 271 1313 2865 472 217
internal_value=0.329628 0.25619 0.217642 0.368412 0.38543 0.3263 0.387618 0.350348 0.296338 0.287092 0.300508 0.400099 0.289511 0.191641 0.348733 0.185599 0.226665 0.276489 0.220706 0.0531008 0.149869 0.383396 0.401201 0.257692 0.281365 0.262279 0.353816 0.489184 0.228889 0.0637138 0.245511 0.325189 0.164264 0.271985 0.353416 0.384567 0.517865 0.354268 0.369976 0.380258 0.327848 0.0174787 0.396378 0.300941 0.0362797 0.397085 0.332341 0.455833 0.320506 0.265571 0.492428 0.292726 0.395086 0.100925 0.117515 0.024389 0.162713 0.293028 0.277626 0.288256 0.378809 0.0170973
internal_weight=31431.5 10865.5 5814.32 20566 14641.1 5924.89 14542 3655.71 3659.88 3497.46 5051.17 10886.3 1290.29 4881.89 178.674 4703.21 1355.14 3486.49 2369.62 133.132 2333.59 2365.42 10859.9 223.416 3420.2 2493.01 1564.67 479.999 2277.92 99.1149 1222 2142.32 2070.69 2350.87 932.433 1035.46 98.7215 59.3966 936.741 899.579 2127.38 91.5659 2142.01 1248.63 262.904 10379.9 927.191 77.7716 849.42 19.4108 162.428 350.443 73.9874 142.142 37.1613 66.2923 23.1836 529.212 452.296 434.41 76.9158 91.6964
internal_count=251471 128396 74948 123075 78824 44251 76985 23006 30960 30336 53448 53979 10514 68574 1229 67345 13628 40387 30192 2144 37153 12492 53495 2237 39165 31437 13061 1896 28555 1839 11484 16708 30905 29134 6374 8004 573 526 7431 6877 16438 1835 10255 9759 6248 51599 7728 407 7321 190 624 3523 417 2303 554 1222 364 5057 4449 4178 608 1637
is_linear=0
shrinkage=0.05


Tree=2
num_leaves=63
num_cat=0
split_feature=27 5 30 1 28 1 16 5 28 1 20 29 5 28 29 27 29 27 20 0 1 16 0 5 29 1 8 19 1 29 21 0 18 5 29 28 5 30 19 8 5 27 7 1 28 13 5 29 29 27 18 0 29 24 9 1 1 27 1 5 5 7
split_gain=15087.3 3257.99 3755.23 2926.41 2841.77 2282.83 2516.18 1921.61 1891.99 1842.59 1609.24 1573.47 1396.92 1388.52 1310.82 1229.66 2238.37 1136.01 1357.34 1084.73 1175.14 980.512 953.002 938.733 890.197 917.321 867.49 957.224 854.267 1663.65 853.53 993.785 850.479 809.147 767.692 759.132 679.168 619.26 594.926 577.27 528.915 1712.25 447.913 416.68 401.035 381.494 374.262 351.227 404.877 346.471 338.668 333.588 326.174 312.151 311.207 299.001 298.157 288.96 319.33 297.658 275.488 264.272
threshold=4.1949999332427987 31.500000000000004 164.02229309082034 9.9994997978210467 1.5000000000000002 168.54000091552737 0.9506097435951234 8.5000000000000018 8.5000000000000018 19.005000114440922 1.6703642010688784 1.289999842643738 86.500000000000014 1.5000000000000002 1.4999998807907107 3.9850000143051152 1.5800000429153445 4.4949998855590829 0.40971185266971594 4.5099999904632577 25.005000114440922 0.55365264415740978 2.804999947547913 18.500000000000004 1.4200001955032351 7.2005000114440927 4.6649999618530282 74.087478637695327 9.004399776458742 1.6150000095367434 880298.78125000012 5.4100000858306894 212.14165496826175 31.500000000000004 1.0050001144409182 28.500000000000004 14.500000000000002 482.14103698730474 365.31716918945318 3.3149999380111699 7.5000000000000009 4.8799998760223398 3.2050000429153447 85.201499938964858 4.5000000000000009 -0.15000007301568982 23.500000000000004 1.2999998331069949 1.0900000333786013 3.8249999284744267 93.927776336669936 6.7500000000000009 0.8999999761581422 1.4108824133872988 0.40499997138977056 10.34500026702881 34.004999160766609 4.3949999809265146 6.3585000038146982 2.5000000000000004 2.5000000000000004 3.4650000333786015
decision_type=2 2 2 2 2 2 2 2 2 2 2 2 2 2 2 2 2 2 2 2 2 2 2 2 2 2 2 2 2 2 2 2 2 2 2 2 2 2 2 2 2 2 2 2 2 2 2 2 2 2 2 2 2 2 2 2 2 2 2 2 2 2
left_child=3 4 5 10 14 6 8 19 13 46 15 50 -10 -3 57 23 24 18 28 20 42 -12 32 30 36 -26 27 -16 29 -6 31 -1 -22 39 -32 40 -17 -24 53 -13 43 -42 45 -19 -40 -5 52 48 -37 -35 -11 -21 -9 -20 -54 -29 -52 58 -2 -59 -30 -44
right_child=1 2 -4 7 17 -7 -8 9 12 11 21 33 -14 -15 26 16 -18 35 38 51 22 -23 37 -25 25 -27 -28 55 60 -31 34 -33 -34 49 -36 47 -38 -39 44 -41 41 -43 61 -45 -46 -47 -48 -49 -50 -51 56 -53 54 -55 -56 -57 -58 59 -60 -61 -62 -63
leaf_value=0.088897575987555155 0.045797497517507502 0.23049580797306662 -0.031526861435180242 0.57268190129245455 0.23776766738449276 0.41695026970841564 0.30201587616301606 -0.052328871247790065 0.21806411639307216 -0.0097048191808724819 -0.049508967773763457 0.24519839682409669 -0.0040126765264883596 -0.02326440841326698 0.020617219384678628 0.21715358946977048 -0.025518243293233756 0.28186707870712036 -0.01937824830446238 0.23727902208251217 0.31753437249335426 0.34371815010523166 0.22491738348495646 -0.052467920014362748 0.37296841436747286 0.046366374036049145 0.30823415001928112 0.16034701886087399 0.24570534279813638 0.034915919393006187 0.283288829964424 0.30132439162936342 0.22086199817566543 0.41873548153275347 0.075184130416813086 0.30660212614796162 -0.018475216125774529 0.17625829402573689 0.28195050338890926 0.011134355044257145 0.26360415385525376 0.13906797698951154 -0.020530926491005245 0.26297769689618183 0.085743661668136156 0.1757113756988129 -0.052149419895073636 0.35329273177954651 0.12529606615970065 0.22121130796452035 0.31005103261928957 0.34806709793299223 0.19097489977080773 0.17606717181244644 0.021265948671367399 0.20485937848821806 -0.047497757973851973 0.25611674091277553 0.22825422127087036 0.37798833780849828 0.26801960802115271 0.1262797467743173
leaf_weight=1290.6119271069765 25.365155801177025 71.456434775143862 175.7305015809834 5.2766755223274222 471.86876625195146 124.93708927184343 389.46655921265483 40.980032563209534 659.97735772654414 89.210775140672922 17.785747263580561 80.944291569292545 79.218825127929449 209.87872833013535 85.367248188704252 165.90387385711074 92.89986365288496 8336.093469094485 73.988168358802795 1532.1016434803605 371.39467086270452 127.8430884629488 1268.0443364344537 90.87676776945591 156.69159000739455 25.290425572544336 155.12409648299217 558.14660707861185 2838.197592202574 129.11612448468804 125.89649917185307 56.764621160924435 634.73237931355834 78.001789089292288 69.636305414140224 140.71205114200711 37.212411165237427 1424.9389951191843 64.436155769973993 39.034477401524782 2810.4143803864717 310.26217499375343 39.774704903364182 5032.9976390376687 45.4025216139853 2593.0282883532345 117.04989835619926 434.8682466186583 42.035399623215199 36.758220497518778 16.853769257664684 75.583548881113529 57.289428785443306 27.119553528726101 51.003707487136126 1366.1340101696551 8.270315006375311 1534.4301903918386 811.64868861064315 55.879765197634697 3278.301593568176 128.27801562473178
leaf_count=19177 319 519 3016 14 3152 178 479 660 4273 1617 407 493 1566 3319 979 1451 1498 29946 960 8944 2550 121 10569 1782 1039 340 440 4703 14139 1397 1269 90 6198 35 928 102 589 14208 439 479 12091 2016 611 16684 487 30135 2637 998 287 372 102 42 597 183 686 8870 137 7930 5392 212 15225 1393
internal_value=0.236358 0.254522 0.187229 0.185995 0.258536 0.212281 0.19386 0.199189 0.152324 0.113703 0.135144 0.189107 0.194284 0.0417587 0.222315 0.123938 0.19452 0.265446 0.248137 0.205689 0.196449 0.295649 0.214976 0.103179 0.247543 0.328109 0.193763 0.184775 0.252068 0.194326 0.112378 0.0980676 0.256832 0.262947 0.20996 0.272441 0.174081 0.199247 0.122348 0.16981 0.270344 0.251273 0.171603 0.274776 0.202398 0.176739 0.0145132 0.327894 0.265834 0.357968 0.0365005 0.242704 0.066818 0.0342069 0.112017 0.192041 0.194849 0.247686 0.222792 0.260637 0.257708 0.0915871
internal_weight=41284.5 30338.6 1710.67 10946 28627.9 1534.93 1410 8688.55 1020.53 615.397 2257.41 349.074 739.196 281.335 4592.1 2111.78 477.998 24035.8 6928.43 8073.15 6465.47 145.629 3699.11 1633.79 385.098 181.982 2164.77 2009.65 6717.48 600.985 1542.91 1347.38 1006.13 234.739 195.533 17107.4 203.116 2692.98 210.946 119.979 16489.8 3120.68 2766.36 13369.1 109.839 2598.3 266.323 617.616 182.747 114.76 114.335 1607.69 149.273 101.108 108.293 1924.28 25.1241 2427.32 837.014 1590.31 6116.5 168.053
internal_count=251471 140301 13350 111170 126951 10334 10156 82479 9677 7815 28691 3235 5839 3838 28845 28163 4917 98106 35982 74664 65678 528 33525 23246 3419 1379 14992 14552 33913 4549 21464 19267 8748 1379 2197 62124 2040 24777 2069 972 60737 14107 32153 46630 926 30149 4580 1387 389 407 1856 8986 1943 1143 1283 13573 239 13853 5711 8142 29364 2004
is_linear=0
shrinkage=0.05


end of trees

feature_importances:
r100_mag_range_30d=28
trigger_mag=21
trigger_depth=20
r100_max_mag_30d=16
r100_n_30d=13
b_value_14d=11
n_events_30d=10
r100_n_m4_30d=9
active_ratio_7d_30d=7
hours_since_m4=5
rumble_ratio=4
depth_to_peak=4
hours_since_last=4
moment_accel=4
depth_trend_7d=4
n_events_7d=3
max_mag_72h=3
max_mag_7d=3
moment_7d_log=3
mag_trend_72h=2
energy_ratio_24h_48h=2
r100_hours_since_m4=2
n_events_24h=1
n_events_72h=1
n_m4_events_7d=1
mag_range_7d=1
median_mag_7d=1
consec_up=1
rate_accel_6h_24h=1
r100_n_7d=1

parameters:
[boosting: gbdt]
[objective: binary]
[metric: auc]
[tree_learner: serial]
[device_type: cpu]
[data_sample_strategy: bagging]
[data: ]
[valid: ]
[num_iterations: 500]
[learning_rate: 0.05]
[num_leaves: 63]
[num_threads: 0]
[seed: 0]
[deterministic: 0]
[force_col_wise: 0]
[force_row_wise: 0]
[histogram_pool_size: -1]
[max_depth: 7]
[min_data_in_leaf: 50]
[min_sum_hessian_in_leaf: 0.001]
[bagging_fraction: 0.8]
[pos_bagging_fraction: 1]
[neg_bagging_fraction: 1]
[bagging_freq: 5]
[bagging_seed: 3]
[bagging_by_query: 0]
[feature_fraction: 0.7]
[feature_fraction_bynode: 1]
[feature_fraction_seed: 2]
[extra_trees: 0]
[extra_seed: 6]
[early_stopping_round: 0]
[early_stopping_min_delta: 0]
[first_metric_only: 0]
[max_delta_step: 0]
[lambda_l1: 0.1]
[lambda_l2: 1]
[linear_lambda: 0]
[min_gain_to_split: 0]
[drop_rate: 0.1]
[max_drop: 50]
[skip_drop: 0.5]
[xgboost_dart_mode: 0]
[uniform_drop: 0]
[drop_seed: 4]
[top_rate: 0.2]
[other_rate: 0.1]
[min_data_per_group: 100]
[max_cat_threshold: 32]
[cat_l2: 10]
[cat_smooth: 10]
[max_cat_to_onehot: 4]
[top_k: 20]
[monotone_constraints: ]
[monotone_constraints_method: basic]
[monotone_penalty: 0]
[feature_contri: ]
[forcedsplits_filename: ]
[refit_decay_rate: 0.9]
[cegb_tradeoff: 1]
[cegb_penalty_split: 0]
[cegb_penalty_feature_lazy: ]
[cegb_penalty_feature_coupled: ]
[path_smooth: 0]
[interaction_constraints: ]
[verbosity: -1]
[saved_feature_importance_type: 0]
[use_quantized_grad: 0]
[num_grad_quant_bins: 4]
[quant_train_renew_leaf: 0]
[stochastic_rounding: 1]
[linear_tree: 0]
[max_bin: 255]
[max_bin_by_feature: ]
[min_data_in_bin: 3]
[bin_construct_sample_cnt: 200000]
[data_random_seed: 1]
[is_enable_sparse: 1]
[enable_bundle: 1]
[use_missing: 1]
[zero_as_missing: 0]
[feature_pre_filter: 1]
[pre_partition: 0]
[two_round: 0]
[header: 0]
[label_column: ]
[weight_column: ]
[group_column: ]
[ignore_column: ]
[categorical_feature: ]
[forcedbins_filename: ]
[precise_float_parser: 0]
[parser_config_file: ]
[objective_seed: 5]
[num_class: 1]
[is_unbalance: 0]
[scale_pos_weight: 25.8757]
[sigmoid: 1]
[boost_from_average: 1]
[reg_sqrt: 0]
[alpha: 0.9]
[fair_c: 1]
[poisson_max_delta_step: 0.7]
[tweedie_variance_power: 1.5]
[lambdarank_truncation_level: 30]
[lambdarank_norm: 1]
[label_gain: ]
[lambdarank_position_bias_regularization: 0]
[eval_at: ]
[multi_error_top_k: 1]
[auc_mu_weights: ]
[num_machines: 1]
[local_listen_port: 12400]
[time_out: 120]
[machine_list_filename: ]
[machines: ]
[gpu_platform_id: -1]
[gpu_device_id: -1]
[gpu_use_dp: 0]
[num_gpu: 1]

end of parameters

pandas_categorical:null
