tree
version=v4
num_class=1
num_tree_per_iteration=1
label_index=0
max_feature_idx=214
objective=binary sigmoid:1
feature_names=eq_count_1h eq_count_6h eq_count_24h eq_count_72h eq_count_7d eq_count_30d m4_count_24h m4_count_7d foreshock_accel rate_anomaly_7d b_value_14d b_value_30d b_delta energy_24h energy_ratio max_mag_72h max_mag_7d mag_range_7d moment_7d moment_30d moment_accel time_since_last depth_mean_7d b_value_accel coulomb_proxy omori_deficit subduction_proxy foreshock_curvature kp_mean_72h kp_max_72h kp_trend dst_mean_72h dst_min_72h dst_rate dst_volatility sw_speed_mean_72h sw_speed_max_72h sw_density_mean_72h sw_density_max_72h imf_bz_mean_72h imf_bz_min_72h imf_bt_mean_72h imf_bt_max_72h tidal_potential_72h tidal_strain_max_72h tidal_range_72h tide_range_72h tide_rate_max cosmic_mean_72h cosmic_trend_72h cosmic_anomaly ief_mean_72h ief_max_72h ief_volatility olr_mean_7d olr_anomaly olr_trend mag_x_mean_72h mag_x_range_72h mag_x_trend mag_y_mean_72h mag_y_range_72h mag_y_trend mag_z_mean_72h mag_z_range_72h mag_z_trend mag_dbdt_max dst_mean_24h dst_mean_6h dst_slope_24h dst_slope_6h dst_ramp sw_mean_24h sw_mean_6h sw_slope_24h sw_slope_6h sw_ramp dst_curvature_72h sw_curvature_72h kp_curvature_72h dst_p10_72h dst_p90_72h sw_p10_72h sw_p90_72h kp_p10_72h kp_p90_72h sw_speed_accel sw_above_483 sw_above_567 sw_peak_to_mean kp_spike kp_hours_ge3 dst_drop_rate bz_southward_frac storm_coupling_idx dart_residual_mean_24h dart_residual_std_24h dart_residual_trend_48h dart_rate_of_change_6h dart_loading_index dart_trend_reversal dart_event_mode_count_7d dart_vol_ramp_6v18 dart_vol_ramp_12v36 dart_std_6h dart_std_12h dart_trend_12h dart_trend_6h dart_trend_accel dart_event_mode_24h dart_event_mode_12h dart_event_mode_6h dart_em_accel dart_loading_rate_24h dart_loading_max_72h dart_loading_accel dart_x_coulomb dart_x_sw cme_count_72h cme_count_7d cme_speed_max_72h cme_speed_mean_72h cme_speed_max_7d cme_fast_count_7d cme_accel flare_count_72h flare_count_7d flare_max_class_72h flare_max_class_7d flare_m_plus_count_7d flare_energy_72h storm_kp_max_72h storm_kp_max_7d storm_count_7d storm_severe_7d tidal_schuster_p_30d tidal_schuster_p_90d tidal_schuster_R_30d tidal_schuster_R_90d tidal_mean_phase_30d tidal_sensitivity_flag tidal_sensitivity_onset tidal_R_30d_small tidal_R_30d_mid tidal_R_90d_small tidal_R_90d_mid tidal_p_30d_small tidal_p_30d_mid tidal_small_vs_mid_R tidal_mag_divergence tidal_R_mid_rate_30d tidal_R_mid_accel tidal_stress_now tidal_stress_max_24h tidal_stress_rate volcano_dist_nearest volcano_count_200km volcano_count_500km volcano_active_200km eruption_nearby_90d eruption_vei_max_90d eruption_ongoing_500km volcanic_stress_index volc_erupt_active volc_onset_90d volc_onset_365d volc_vei_max_365d hotspot_count_7d hotspot_count_30d hotspot_frp_max_7d hotspot_accel stn_amp_max stn_amp_mean stn_sta_lta_max stn_triggered stn_amp_range stn_trigger_sum_24h stn_trigger_sum_72h stn_trigger_accel stn_amp_mean_24h stn_amp_trend_24h stn_sta_lta_mean_24h stn_amp_z_7d stn_quiescence stn_coherence gps_anomaly_max gps_anomaly_mean gps_residual_mag_mm gps_residual_up_mm gps_strain_rate gps_anomaly_coherence gps_residual_accel kp_x_foreshock dst_x_bvalue sw_x_accel ief_x_foreshock cosmic_x_dst sw_x_coulomb kp_x_moment cme_x_coulomb cme_x_foreshock flare_x_bvalue storm_x_foreshock cme_x_tidal_R tidal_sens_x_coulomb tidal_sens_x_bvalue tidal_sens_x_foreshock tidal_small_x_coulomb tidal_small_x_accel volcano_x_coulomb volcano_x_sw hotspot_x_coulomb v24_coulomb_proxy acc_coulomb_proxy precursor_alarm
feature_infos=[0:22] [0:65] [0:163] [3:299] [3:468] [3:1102] [0:18] [0:362] [0:17.399999618530273] [0.10101010650396347:4.2857141494750977] [0.17939876019954681:16.286043167114258] [0.18368950486183167:3.2793664932250977] [-1.4952683448791504:14.19703197479248] [0:8.0586137771606445] [0:395.38925170898438] [2.5:4.9899997711181641] [2.5:8.1999998092651367] [0:5.6999998092651367] [13.277121543884277:21.35047721862793] [13.533020973205566:21.355323791503906] [2.9432117938995361:1067.52392578125] [0:71.492218017578125] [1:445.77334594726562] [-0.0085122426971793175:0.0081772152334451675] [-5.446568489074707:18.043106079101562] none [0:1] [-124:60] [0.076697222888469696:4.9008603096008301] [0.69999998807907104:9] [-0.097343370318412781:0.11866354942321777] [-167.06944274902344:23.277778625488281] [-406:7] [3:120] [0:154.39346313476562] [292.79165649414062:788.986083984375] [317:1006] [0.4513888955116272:22.213888168334961] [0.69999998807907104:87.400001525878906] [-6.5402779579162598:6.0444445610046387] [-42.200000762939453:-0.69999998807907104] [2.5472221374511719:17.311111450195312] [3.2000000476837158:68.900001525878906] [-0.43077430129051208:0.356606125831604] none [0:0.29786765575408936] [0:2.6874251365661621] [0.20599997043609619:1.5174499750137329] [87.333137512207031:113.67605590820312] [-2.2243702411651611:2.2181200981140137] [-2.7694940567016602:2.129586935043335] [-3.548546314239502:4.1514792442321777] [0.22750000655651093:28.949199676513672] [0:8.0449542999267578] [224.42063903808594:248.92282104492188] [-1.1446073055267334:1.1132577657699585] [-1.272858738899231:0.38595452904701233] [22895.587890625:33744.98046875] [0:15485.595703125] [-156.91374206542969:135.16119384765625] [-6309.107421875:4592.76025390625] [0:10893.466796875] [-223.40213012695312:203.74522399902344] [7211.39013671875:47309.4296875] [0:39578.72265625] [-982.27386474609375:983.31622314453125] [7.115234375:47307.96484375] [-304.5:42.833332061767578] [-376.33334350585938:65] [-23.213478088378906:11.58173942565918] [-79.5142822265625:24.200000762939453] [-23.464019775390625:18.413702011108398] [277.54165649414062:890.70831298828125] [260:945.66668701171875] [-31.576520919799805:30.575218200683594] [-138.85714721679688:140.91429138183594] [-33.25238037109375:32.244941711425781] [-0.46386945247650146:0.49849870800971985] [-0.68791735172271729:1.3712121248245239] [-0.07196817547082901:0.019102433696389198] [-337.10000610351562:10] [-59.200000762939453:50] [0:676.9000244140625] [310:895.79998779296875] [0:1.7222000360488892] [0.26223999261856079:8.6999998092651367] [0.49759256839752197:1.4701858758926392] [0:1] [0:1] [1:1.9535433053970337] [0:7.0711612701416016] [0:0.68055558204650879] [-472:0] [0.041666667908430099:1] [-0.53003400564193726:9.1365756988525391] [-1012.1904296875:4502.64501953125] [0.00094280904158949852:2635.960205078125] [-20.528697967529297:45.3756103515625] [-1029.1151123046875:1029.1710205078125] [0:5452.8271484375] [-21.750276565551758:45.375705718994141] [0:1454] [0:190764.453125] [0:90523832] [0:300.38833618164062] [0:254.61795043945312] [-314.86917114257812:314.86892700195312] [-1029.1151123046875:1029.1710205078125] [-346.35595703125:314.86917114257812] [0:1025] [0:725] [0:370] [0:725] [-5449.15771484375:5450.44677734375] [0:5452.8271484375] [-5450.44677734375:5450.6962890625] [0:1736340.5] [0:78080944] [0:30] [0:54] [0:3529] [0:4.423163890838623] [0:3529] [0:19] [0:15] [0:55] [0:114] [0:5.9000000953674316] [0:5.9000000953674316] [0:113] [0:9.0540914535522461] [0:9] [0:9] [0:110] [0:72] [0:1] [0:1] [0:0.99703007936477661] [0:0.94521409273147583] [-3.1414268016815186:3.1412816047668457] [0:1] [-44.835540771484375:42.711414337158203] [0:0.99512743949890137] [0:0.99670755863189697] [0:0.99115759134292603] [0:0.99160081148147583] [0:1] [0:1] [0:362.34857177734375] [-0.99620062112808228:0.99349379539489746] [-0.9947400689125061:0.99670755863189697] [-1.9831784963607788:1.9854092597961426] [3.1333333026850596e-05:2.9504919052124023] [0.10161100327968597:2.9504919052124023] [-0.60228228569030762:1.2049357891082764] [16.580898284912109:9999] [0:22] [0:65] [0:8] [0:12] [0:4] [0:2] [0:0.14726293087005615] [0:6] [0:3] [0:5] [0:4] [0:599] [0:1000] [0:238.19999694824219] [0:81] [-74543:268435456] [0:67109848] [0:25] [0:30] [0:268434496] [0:366] [0:983] [-257:299] [236.24339294433594:9049444] [-8968438:6522136.5] [1.0690125226974487:25] [-11.758614540100098:12.884329795837402] [0:11.758614540100098] [0:1] [0.041700001806020737:16.291799545288086] [0.041700001806020737:12.857700347900391] [0.056031428277492523:694.20782470703125] [0:464.00900268554688] [7.9435396194458008:371.632568359375] [0:1] [-485.42974853515625:289.239990234375] [0:291.89080810546875] [0:130.790771484375] [0:12525.099609375] [-11.662707328796387:64.190216064453125] [-459.51922607421875:39.919879913330078] [0:12073.09375] [1.1925849914550781:87.884536743164062] [0:43785.9140625] [0:44994.75] [0:4.6188316345214844] [0:297] [0:2199.07421875] [0:13.273493766784668] [0:0.75960260629653931] [0:87.395988464355469] [0:13.102386474609375] [0:10.267350196838379] [0:1.827710747718811] [0:116.10659027099609] [0:5702.4736328125] [-15.74881649017334:14.239974975585938] [-15.74881649017334:19.979835510253906] [0:7]
tree_sizes=3429 3527 3526 3521 3540 3533 3519 3523 3532 3541 3564

Tree=0
num_leaves=31
num_cat=0
split_feature=148 162 162 162 24 115 24 3 3 63 201 201 145 36 145 38 187 185 145 126 145 187 126 81 137 181 81 137 199 24
split_gain=282846 72388.4 49108.8 36620.4 24482.7 22677.3 19711.6 20253 17167 16208.2 15432.5 15025.5 12968.1 12665.7 12176.4 11698.4 10952.1 11717 10842.8 12245.5 12090.8 11054.8 10543.2 10079.7 10711 9673.26 8728.68 8295.42 8223.65 8189.8
threshold=9.9946346282959002 0.031315135769546039 0.017852022312581543 0.010936230886727573 8.2774906158447283 inf 8.6374688148498553 29.500000000000004 37.500000000000007 42412.675781250007 1.8272836208343508 2.6662857532501225 0.46480236947536474 692.50000000000011 0.16869730502367022 34.350000381469734 24.114652633666996 2.5383499860763554 0.020278847776353363 32.500000000000007 0.032058943063020713 3.0560548305511479 3.5000000000000004 19.94999980926514 0.11437618359923364 3.0572437047958378 -11.15000009536743 0.34212912619113928 7499.9291992187509 8.6882219314575213
decision_type=2 2 2 2 2 8 2 2 2 8 2 2 2 2 2 2 10 10 2 2 2 10 2 10 2 10 8 2 2 2
left_child=1 3 8 4 -1 10 22 9 18 -8 13 25 14 15 -6 -4 -13 29 23 20 -20 -21 -5 24 -2 28 -27 -14 -3 -18
right_child=2 11 5 6 12 -7 7 -9 -10 -11 -12 16 27 -15 -16 -17 17 -19 19 21 -22 -23 -24 -25 -26 26 -28 -29 -30 -31
leaf_value=-2.823958613702418 -2.8175469755923683 -2.8113406861379695 -2.8076826471692198 -2.8031994708024612 -2.7916653088347267 -2.7866230073495677 -2.804230790011967 -2.8315930964299927 -2.7551569106176585 -2.7916328299208177 -2.8245185181702728 -2.7767936606258798 -2.8383717512420321 -2.8417317644321973 -2.7765232183120032 -2.7888446719780444 -2.7577688704295276 -2.7699808181383516 -2.7756885160788065 -2.8253713763500583 -2.8219743708288076 -2.7670576386991752 -2.829913147622817 -2.7989632329382665 -2.8360941083567428 -2.7724128541467357 -2.7867957297803088 -2.7964794390279852 -2.7902780287902198 -2.837402752977066
leaf_weight=438.73618264868855 1065.9726254120469 677.57636246830225 6400.8540715835989 617.25209826976061 2315.8976758420467 1270.1551084630191 5670.2718150578439 485.10327300429344 91.479605350643396 4708.5336716286838 1397.1810662187636 7395.4726410098374 157.13582297042012 245.0085169300437 3258.9217238277197 952.1720015257597 36.06910153850913 154.88804000988603 144.74687223136425 132.67156336829066 3882.0807670168579 212.28495806083083 919.81435279175639 258.86114436388016 2873.5573278367519 1230.6359217576683 8894.8494912348688 472.0347605869174 1536.2823467850685 212.54632611200213
leaf_count=6853 15380 8986 80602 7244 22225 10984 67746 8272 224 45176 21982 50475 2880 4645 22065 8625 88 835 935 2104 59242 1037 15398 2824 51429 7372 77324 4942 14339 3856
internal_value=-2.79794 -2.79027 -2.81381 -2.79727 -2.78778 -2.80641 -2.80236 -2.79998 -2.82258 -2.79851 -2.80922 -2.78365 -2.78523 -2.80641 -2.78279 -2.80523 -2.77818 -2.80384 -2.82332 -2.81781 -2.82028 -2.78928 -2.81915 -2.82907 -2.83107 -2.78712 -2.78503 -2.80692 -2.79669 -2.82531
internal_weight=58109 39182 18927 19043.7 6642.73 10265.4 12401 10863.9 8661.65 10378.8 8995.22 20138.3 6203.99 7598.03 5574.82 7353.03 7798.98 403.503 8570.18 4371.78 4026.83 344.957 1537.07 4198.39 3939.53 12339.3 10125.5 629.171 2213.86 248.615
internal_count=626089 366076 260013 202801 58965 126838 143836 121194 133175 112922 115854 163275 52112 93872 44290 89227 55254 4779 132951 63318 60177 3141 22642 69633 66809 108021 84696 7822 23325 3944
is_linear=0
shrinkage=1


Tree=1
num_leaves=31
num_cat=0
split_feature=147 18 209 99 26 113 23 18 129 147 19 11 141 204 38 128 149 26 10 150 151 202 48 29 4 138 82 38 17 4
split_gain=257631 59640.7 44068.3 33130.7 28351.6 18465.6 17408.1 15665.5 13836.6 13762.7 13273.9 12002 19277.6 11225.5 11036.5 10845.6 10730 10657.3 14464.8 10730.8 10391.1 9450.22 9419.94 8924.96 8882.07 13257 11573.9 8536.92 13577 8568.98
threshold=0.99910613894462597 16.739402770996097 0.17258463799953463 0.9194374978542329 0.052704678848385818 -0.31687498092651362 -8.0224155681207763e-05 16.02506256103516 3.5000000000000004 0.023680567741394046 17.212842941284183 0.91738250851631176 -18.105512619018551 0.48728187382221227 26.150000572204593 4.1949999332427987 0.27309191226959234 0.068514488637447371 0.36516086757183081 0.016802879050374035 0.4910844117403031 28.250000000000004 111.32037353515626 4.1500000953674325 33.500000000000007 0.20307234674692157 337.15000915527349 35.949998855590827 2.1949998140335087 41.500000000000007
decision_type=2 2 2 8 2 10 2 2 2 2 2 2 2 2 2 2 2 2 2 10 10 2 10 2 2 2 10 2 2 2
left_child=1 3 7 9 -5 15 22 11 14 -1 23 12 -2 -8 -7 -4 -14 18 -12 -19 -13 -11 -6 -3 26 -26 -10 28 29 -9
right_child=2 10 5 4 6 8 13 27 24 21 17 20 16 -15 -16 -17 -18 19 -20 -21 -22 -23 -24 -25 25 -27 -28 -29 -30 -31
leaf_value=0.038344153483000597 0.065383246506838522 0.010972466749395528 0.020599667794978301 0.02753890367410523 0.036267266335471698 0.030334725935958807 0.033112301962951979 0.029384651708794861 0.0009435889746653509 0.0048975503478209297 0.051759039634426331 0.0059058418259219491 0.022292060305625753 0.047727566158823398 0.050609328704705012 0.054887065940520875 0.0083141190080737778 0.059564222044321061 0.013570436444627736 0.050015796541187159 0.083046077214074199 0.042441105683481625 -0.0010510291910673009 0.050088800264047245 0.051654687560874948 -0.0052028064719664979 0.023841107984329181 0.053273049319991772 0.0039841521251136594 0.072768540085547992
leaf_weight=721.5929343290627 210.32482961565256 302.59140801802278 290.71357525512576 2852.7896100878716 3508.8261672072113 2635.2918973043561 1456.5318287909031 1235.1071291267872 755.87887701764703 1050.2492037527263 789.32822466269135 3446.5875287950039 3518.4410662576556 15778.817717269063 910.26263890042901 1184.2935069128871 2257.6499555893242 7629.5478900186718 364.01476455852389 4978.7472200281918 42.237482395023108 197.66573570668697 177.4041875526309 282.46385759860277 459.01619890332222 131.29550041630864 2046.8677035793662 311.82053145393729 548.29466203227639 124.90241584181786
leaf_count=7485 1123 4654 3927 35391 37244 31596 16415 15156 13208 17520 6049 57973 47946 133101 7304 8388 36828 46783 5463 39435 69 1879 3138 2243 3638 2451 27091 2321 9369 438
internal_value=0.037965 0.045291 0.0233561 0.0407296 0.042363 0.0320841 0.0443814 0.0170727 0.0286517 0.020988 0.0534691 0.0142655 0.0185612 0.0464966 0.0355662 0.048168 0.0168338 0.0544635 0.0397526 0.0558025 0.0068875 0.0109047 0.034471 0.0299683 0.0214091 0.0390295 0.0176718 0.0290283 0.0250138 0.0334718
internal_weight=60199.6 40090.6 20109 25743.9 23774.4 8413.62 20921.6 11695.4 6938.61 1969.51 14346.7 9475.24 5986.42 17235.3 3545.55 1475.01 5776.09 13761.6 1153.34 12608.3 3488.83 1247.91 3686.23 585.055 3393.06 590.312 2802.75 2220.12 1908.3 1360.01
internal_count=625626 356800 268826 252173 225289 97603 189898 171223 85288 26884 104627 143939 85897 149516 38900 12315 84774 97730 11512 86218 58042 19399 40382 6897 46388 6089 40299 27284 24963 15594
is_linear=0
shrinkage=0.005


Tree=2
num_leaves=31
num_cat=0
split_feature=147 162 209 10 10 19 11 22 113 54 209 99 129 9 36 199 5 139 136 16 35 22 143 157 99 63 199 60 9 26
split_gain=239103 54675 40899.1 34778.2 29316.3 21393.6 18358.6 17553.6 16280.7 14283.4 15769.1 14109.4 13422.8 12455.7 12255.5 12342.9 12119.3 11766 11279.8 11275.5 10842.4 10429 10148.1 10116 11725.9 10042.2 9721.64 9605.15 9535.19 9455.09
threshold=0.99910613894462597 0.031315135769546039 0.17258463799953463 0.60414016246795665 0.30876375734806066 16.595372200012211 0.43837489187717443 44.814277648925788 0.94868749380111705 238.24820709228518 0.42490397393703466 1.9083749651908877 3.5000000000000004 1.0287504196166994 644.50000000000011 4547.0126953125009 374.50000000000006 -1.0000000180025095e-35 6.305075703479332e-24 5.6499998569488534 388.39582824707037 93.666770935058608 0.47497659921646124 11.500000000000002 1.1906874775886538 24306.636718750004 3066.1406250000005 3689.7968750000005 0.81289437413215648 0.0294451117515564
decision_type=2 2 2 2 2 2 2 10 8 10 2 10 2 2 2 2 2 2 2 2 2 8 2 2 8 10 2 10 2 2
left_child=1 3 11 4 27 -6 16 -7 12 10 28 17 14 -13 15 -4 29 23 -15 -12 -11 -19 -18 -2 -25 -5 -22 -1 -8 -3
right_child=2 6 8 25 5 7 9 -9 -10 20 19 13 -14 18 -16 -17 22 21 -20 -21 26 -23 -24 24 -26 -27 -28 -29 -30 -31
leaf_value=0.047093370893253814 0.006768067976110478 -0.0051400832962660908 0.00026322584824748117 0.061010754240584435 -0.001183493725571329 0.026646390199230281 0.005521548125359892 0.038949566192964247 0.04690811516634389 -0.004096054640870205 0.051144600350432404 0.017920779326837347 0.020763982701909992 0.049182418835162112 0.0033354308548781617 0.039426625218359428 -0.0014140186669130395 0.029414736272404429 0.00061683680238297251 -0.0051812569073741346 0.072093256548153781 -0.00054773315133784634 0.061238332088414602 -0.0037219904169095075 0.041779725290101231 0.042654043410335282 0.024742857143963657 0.0020081067143111067 0.037163260378752269 0.052725514780926352
leaf_weight=4089.2055940851569 1813.0344633050263 70.5136424228549 214.64552161842585 1677.0818091034889 510.50779042392969 6880.9719526991248 289.33685754239559 5050.289258018136 1316.3264993466437 254.09148845076561 4138.1481084451079 2788.5281186662614 3542.3228840231895 123.36793707311153 293.93021491914988 3243.5712664723396 193.13202636316419 3530.1154635958374 2584.8394545353949 90.358606748282909 133.7396490983665 316.18366254866123 95.018741708248854 195.70510863512754 506.2266225554049 1394.1660356223583 564.5656871534884 121.95362245664001 1368.1463739871979 14712.253828980029
leaf_count=32364 29653 1243 3645 8482 8992 82719 4551 47826 10223 4455 29024 39613 47554 899 4890 31288 3231 42342 45442 1583 402 5587 442 3549 4711 12002 6784 2000 13350 96698
internal_value=0.0364051 0.0432846 0.0224092 0.0372351 0.0343746 0.030504 0.0487267 0.03186 0.0307044 0.0418918 0.0448027 0.0163812 0.0277679 0.010507 0.0343649 0.0369981 0.0518219 0.0214519 0.00286475 0.0499385 0.0238427 0.026952 0.0195169 0.0130244 0.0291153 0.0527119 0.033995 0.0457899 0.0316546 0.0524487
internal_weight=62102.3 41633.5 20468.8 19724.2 16652.9 12441.8 21909.3 11931.3 8610.8 6838.39 5885.99 11858 7294.47 5496.74 3752.15 3458.22 15070.9 6361.27 2708.21 4228.51 952.397 3846.3 288.151 2514.97 701.932 3071.25 698.305 4211.16 1657.48 14782.8
internal_count=625544 356148 269396 194385 173901 139537 161763 130545 97600 60149 48508 171796 87377 85954 39823 34933 101614 85842 46341 30607 11641 47929 3673 37913 8260 20484 7186 34364 17901 97941
is_linear=0
shrinkage=0.005


Tree=3
num_leaves=31
num_cat=0
split_feature=19 162 11 157 165 18 10 130 11 20 42 81 10 54 54 19 5 96 31 105 4 61 19 20 93 139 5 81 211 10
split_gain=213109 47604.8 36466.4 35111.8 30709.1 33011.1 27110.5 19100.6 13686 13486.8 11974.6 11674.4 11189.3 17947.3 11147.6 11421.1 10534.3 10315.3 10236.6 10440.9 10065.4 10035.6 9900.16 9845 9099.8 8516.19 8514.27 8351.82 7755.11 7735.78
threshold=16.739092826843265 0.031315135769546039 0.72049999237060558 33.000000000000007 1.0000000180025095e-35 16.02506256103516 0.3165536373853684 7.0781944194742163e-10 0.81441783905029308 44.854276657104499 16.250000000000004 6.8500001430511483 0.42511565983295446 238.3239669799805 234.97343444824222 17.435050964355472 74.500000000000014 0.90308257937431347 -3.840277791023254 0.083484943956136717 54.500000000000007 45.662353515625007 16.677794456481937 180.06864166259768 0.7986111342906953 -0.65970304608345021 370.50000000000006 -0.15000000223517415 108.41874313354494 1.3163938522338869
decision_type=2 2 2 2 2 2 2 2 2 2 2 10 2 10 10 2 2 8 2 10 2 8 2 2 2 2 2 8 2 2
left_child=4 3 12 6 5 16 25 -8 -9 29 20 -11 26 23 -5 -16 -1 -13 19 -6 27 -15 -20 -14 -17 -2 -3 -7 -28 -4
right_child=1 2 9 14 18 10 7 8 -10 11 -12 17 13 21 15 24 -18 -19 22 -21 -22 -23 -24 -25 -26 -27 28 -29 -30 -31
leaf_value=0.0095228336893555428 0.032080459273786249 0.050025215165301715 0.0030039178380702612 0.057201628007985457 0.032238965784180521 0.035049842193673672 0.0060580120830346605 0.031917389375068245 -4.3834982620677453e-05 0.016603187567484252 0.049457329081338736 0.060140372206451347 0.047320574562931823 0.045715807254499419 0.06325773391686379 0.0056353677791564898 0.021631564923443529 -0.0051379535690918559 0.047697083732594195 0.0019781173855590302 0.071480213828719996 0.015664267692367596 0.0043108787054189079 0.026575789678956362 0.067290191633647328 0.047885304135378989 -0.0014414440195779901 0.01263952813144568 0.055345011772198402 0.067742991030890543
leaf_weight=8257.0695186331868 1168.8850172571838 14535.303736902773 710.66599872335792 2186.5350623428822 1148.3081779740751 730.24996357411146 796.21382993087173 14908.503613438457 342.47430772706866 449.89655553922057 723.74725328013301 451.77952713891864 6239.4366973228753 403.66022970527411 200.37795171886683 326.74386999756098 2297.3333871141076 69.40356420353055 1309.4583794102073 379.55247281491756 109.39825382456183 895.05921815335751 146.74581304937601 639.88350402936339 71.424982510507107 3362.0567662157118 155.68392652273178 971.67942244559526 95.764588315039873 47.376311849802732
leaf_count=128618 11741 91603 11428 10768 12090 7545 12349 156448 5949 6062 5225 2282 44209 3051 750 4806 29731 1222 10042 6273 218 11909 2304 7051 191 23865 2571 14128 487 140
internal_value=0.0351272 0.0403987 0.0452443 0.0352736 0.0193631 0.0160584 0.0330115 0.0299532 0.0311996 0.0230586 0.032256 0.0353789 0.0469125 0.0421772 0.0519506 0.0326375 0.0121623 0.0514564 0.0338375 0.0247356 0.0253346 0.0250626 0.0433386 0.0453996 0.0169825 0.0438245 0.0495252 0.0222865 0.020442 0.0072209
internal_weight=64130.7 48057.1 24693.9 23363.2 16073.5 13089.5 20578.1 16047.2 15251 1729.12 2535.07 971.08 22964.8 8178.04 2785.08 598.547 10554.4 521.183 2984.06 1527.86 1811.33 1298.72 1456.2 6879.32 398.169 4530.94 14786.8 1701.93 251.449 758.042
internal_count=625056 408882 182015 226867 216174 185465 210352 174746 162397 21134 27116 9566 160881 66220 16515 5747 158349 3504 30709 18363 21891 14960 12346 51260 4997 35606 94661 21673 3058 11568
is_linear=0
shrinkage=0.005


Tree=4
num_leaves=31
num_cat=0
split_feature=19 26 7 204 159 18 99 142 99 142 99 94 189 135 42 162 204 169 19 187 155 50 127 15 96 189 16 19 181 128
split_gain=192615 57692.1 37706.5 33908.7 25916.8 21626.1 17460.5 17275.1 16585.5 15906.5 14379.9 15360.3 14190.7 13072.6 12560.9 12456.3 11915.8 11021.5 10020.4 9651.32 9942.39 11866.4 9373.93 9369.89 11227.7 9322.41 9034.59 8882.96 7729.51 7955.37
threshold=16.739092826843265 0.066767986863851561 5.5000000000000009 5.3964595794677743 1.5000000000000002 16.02506256103516 2.1201249361038212 0.17178751528263095 3.0166875123977666 0.42771273851394659 0.85706248879432689 0.89789971709251415 8.2951984405517596 4.4240703573450453e-05 20.550000190734867 0.042126867920160301 3.950541734695435 15.299999713897707 16.712592124938968 31.430192947387699 369.08374023437506 -0.78675836324691761 5.1849999427795419 4.2900002002716073 0.22999524325132373 26.762253761291507 4.4900000095367441 16.810100555419925 2.8741250038146977 4.5050001144409189
decision_type=2 2 2 2 2 2 10 2 10 2 8 2 8 2 2 2 2 2 2 10 2 8 2 2 10 10 2 2 10 2
left_child=4 3 6 15 5 12 10 27 9 28 11 -3 -1 -7 25 23 -10 -12 -11 20 26 -22 -9 -2 -25 -15 -4 -8 -6 -30
right_child=1 2 19 -5 8 13 7 22 16 18 17 -13 -14 14 -16 -17 -18 -19 -20 -21 21 -23 -24 24 -26 -27 -28 -29 29 -31
leaf_value=0.057753475320674125 0.012517916152612914 -0.00049578240944020435 0.033554322757790411 0.044084929626282431 0.021850684207388973 0.051659488809640844 -0.0052159068402435607 0.0053263999337651467 0.0034609316559744419 -0.0039936069992768412 0.039255088071237884 0.069613782044872882 0.010673972650401861 0.0087450834394282723 0.053080639100701488 0.049690180245835221 0.044024110339088457 0.011494746227890687 0.051081897212233225 0.0051849727615580843 0.052540566186058055 0.028698560923077099 0.059807761380715814 0.016341592611221444 0.037162572045763863 0.043063649594989269 0.047819653555761031 0.038955746638132227 0.047494501908122724 0.028933479731945665
leaf_weight=161.04050168767571 3003.4843346141279 435.4774683304131 1205.0756907239556 2014.820416778326 643.98247081041336 500.77395534142852 123.7090872451663 1068.5063921697438 903.88429534435272 402.24920400977135 15973.23495259881 93.177663195878267 9208.5552284643054 1011.5871600806713 269.00308193638921 340.15025129541755 224.58236916735768 368.04563898593187 101.82595478370786 148.28779357299209 763.83738208562136 1685.7694052308798 83.326233703643084 1489.8342156596482 1152.2702133730054 244.61853097006679 18384.63733593747 1347.7736989557743 1750.0007446631789 882.54725012183189
leaf_count=951 42143 7190 11064 15153 7826 3070 2188 16286 14351 6933 131349 267 139562 15161 1521 2006 1767 4869 612 2137 4288 17188 391 19521 10244 2064 111516 11754 12466 9539
internal_value=0.0337616 0.0386556 0.0410174 0.0263441 0.018846 0.0147035 0.0359323 0.0238956 0.0284516 0.0334724 0.0378009 0.0120724 0.0114956 0.029512 0.0221805 0.0203593 0.0115994 0.0386315 0.00728491 0.0454811 0.0457517 0.0361708 0.00936671 0.0185747 0.0254442 0.0154877 0.0469458 0.0352385 0.0374935 0.0412997
internal_weight=65986.1 49681.4 41680.9 8000.56 16304.7 11395.6 19493.3 2623.32 4909.07 3780.61 16869.9 528.655 9369.6 2025.98 1525.21 5985.74 1128.47 16341.3 504.075 22187.6 22039.3 2449.61 1151.83 5645.59 2642.1 1256.21 19589.7 1471.48 3276.53 2632.55
internal_count=625377 409554 320487 89067 215823 162329 174294 30619 53494 37376 143675 7457 140513 21816 18746 73914 16118 136218 7545 146193 144056 21476 16677 71908 29765 17225 122580 13942 29831 22005
is_linear=0
shrinkage=0.005


Tree=5
num_leaves=31
num_cat=0
split_feature=19 22 160 162 99 137 18 18 9 139 205 23 189 4 99 146 96 204 155 18 137 204 38 137 4 19 138 9 15 40
split_gain=177482 50308.5 27800 24221.6 24164.2 18636.8 17491.6 15341 13083.2 15012.4 12831.3 12582.6 11650.1 11285.3 10570.5 13831 14726.1 12226.2 10488.5 9860.68 9832.11 9240.66 8558.29 8476.5 12067.9 8310.49 8201.79 8196.7 8158.84 9823.4
threshold=16.739092826843265 40.979909896850593 1.5000000000000002 0.031315135769546039 2.258562564849854 0.62517288327217113 16.02506256103516 16.723446846008304 1.1479591727256777 -0.71284800767898548 0.019553243182599548 -9.0291254309704514e-05 8.2951984405517596 13.500000000000002 3.0166875123977666 0.00016998469072859737 0.10257699340581895 3.8137804269790654 400.11564636230474 16.05127048492432 0.18273507803678515 1.3952150344848635 36.350000381469734 0.46383354067802435 8.5000000000000018 16.829990386962894 0.25158567726612097 0.80871304869651806 4.1949999332427987 -6.3500001430511466
decision_type=2 10 2 2 10 2 2 2 2 2 2 2 8 2 10 2 8 2 2 2 2 2 2 2 2 2 2 2 2 2
left_child=2 3 6 5 7 8 12 11 13 -10 -5 -3 -1 -2 15 19 -17 22 -9 -4 -20 25 -16 24 -8 -6 -7 -19 -23 -30
right_child=1 4 14 10 21 26 23 18 9 -11 -12 -13 -14 -15 17 16 -18 27 20 -21 -22 28 -24 -25 -26 -27 -28 -29 29 -31
leaf_value=0.052760867722514905 0.028534448528571087 0.028982924194475311 0.0076427042500559917 0.016257465978996782 0.00035929464651574287 0.0057877786228638642 0.036579058069901887 0.047241720916850527 0.0089090917228175758 0.036228272489786287 0.040172021144314542 0.040936878543779497 0.0098801483336953128 0.015530966145664151 -0.0012276914456885847 -0.0008909611693026741 0.038622670800637228 0.065102970289921333 0.043205196441282075 0.037501278002514224 -0.00096441873240883408 -0.00083964652968929372 0.041791974749541813 0.045641148251412522 0.0068733622621962535 0.041872445972716874 0.046986936965628355 0.0078218066807658141 0.048184544177008688 -0.0015940797677952878
leaf_weight=159.5069347396493 2683.1451971754432 2636.7300733365119 923.60890825837851 616.20417254418135 144.49913218617439 133.40924131125212 658.41584756970406 12495.504682555795 598.51174956932664 3205.5464760288596 6746.9527848958969 14150.409623079002 8656.7497529275715 4443.9325929284096 788.64082882925868 254.37406533583999 3189.7327594868839 164.18331556394696 286.95224878564477 393.74589717015624 223.05405698344111 518.85878095030785 133.4284627661109 480.53468027710915 711.77003100886941 730.41844299063087 1356.5764272250235 101.19761848077178 253.11724666133523 161.71320205181837
leaf_count=949 27043 25745 13666 7597 2352 1902 5940 68826 8402 27891 48002 101098 131470 57645 13238 4171 26724 500 1958 3295 3422 8545 1044 3172 10757 5649 8760 1451 1578 2610
internal_value=0.03265 0.0372436 0.0184412 0.0309825 0.0411612 0.0267126 0.0136065 0.0422394 0.0244422 0.0319376 0.038176 0.0390631 0.010668 0.0204334 0.0271022 0.0304322 0.0357047 0.0137188 0.0463325 0.0166124 0.0239542 0.0233707 0.00507176 0.0275767 0.0211822 0.0350355 0.0433125 0.0434912 0.0123859 0.0288588
internal_weight=68001.4 51385.5 16615.9 19784.3 31601.3 12421.1 10667 29792.7 10931.1 3804.06 7363.16 16787.1 8816.26 7127.08 5948.91 4761.46 3444.11 1187.45 13005.5 1317.35 510.006 1808.61 922.069 1850.72 1370.19 874.918 1489.99 265.381 933.689 414.83
internal_count=625402 409025 216377 187242 221783 131643 152288 201049 120981 36293 55599 126843 132419 84688 64089 47856 30895 16233 74206 16961 5380 20734 14282 19869 16697 8001 10662 1951 12733 4188
is_linear=0
shrinkage=0.005


Tree=6
num_leaves=31
num_cat=0
split_feature=19 26 7 204 165 18 114 207 99 36 141 99 26 22 42 48 127 4 81 19 141 148 162 32 146 193 206 199 193 50
split_gain=161903 48119.9 31400.1 28584.7 25602 29054.7 15675.1 13715.1 13084.5 13857.4 10753.3 12159.5 13660.1 10745.8 10304 9594.83 9381.14 9294.08 9179.28 9160.75 9111 10240.8 9765.42 9015.22 9403.51 8452.47 8358.25 7953 7729.23 7491.98
threshold=16.739092826843265 0.066767986863851561 5.5000000000000009 5.3964595794677743 1.0000000180025095e-35 16.02506256103516 2.2573124170303349 1.7610698938369753 0.83881250023841869 727.00000000000011 -23.120435714721676 2.7228749990463261 0.48048320412635809 40.671485900878913 16.250000000000004 110.3045997619629 5.1849999427795419 54.500000000000007 19.94999980926514 16.810100555419925 0.046683758497238166 1.3658775091171267 0.0072684483602643022 -30.499999999999996 0.0016105936956591906 5.6987810134887704 0.28191076219081884 13964.278320312502 0.67247313261032116 1.0272728204727175
decision_type=2 2 2 2 2 2 10 2 8 2 2 10 2 10 2 10 2 2 8 2 2 2 2 2 2 2 2 2 2 8
left_child=4 3 6 13 5 10 8 19 9 -3 28 12 -12 20 17 -10 -9 25 -4 -8 21 -2 -22 24 -6 -7 -26 -20 -1 -25
right_child=1 2 18 -5 23 14 7 16 15 -11 11 -13 -14 -15 -16 -17 -18 -19 27 -21 22 -23 -24 29 26 -27 -28 -29 -30 -31
leaf_value=-0.0050506844115867575 0.019210096300455604 -0.0021102171192427894 0.042465950925814129 0.040624748861015123 -0.0041145858453103838 0.011370755351028126 -0.0052364055421407554 0.0034181577688368152 0.037399945104767247 0.064082815104544028 0.017554588353759816 0.002893249241642516 -0.00032091758997087249 0.048002878819876582 0.044489168615411342 0.026765947999829308 0.05451583142826219 0.062257883095678153 0.0077543867147650391 0.036004321268602167 -0.0052714281873483303 0.0013543905072340718 0.028842010035495753 0.038598851946682625 0.0024928410254621567 0.033400713051247026 0.040437086296710903 0.044534392252267047 0.069225923547617682 -0.0052077593534420553
leaf_weight=47.002153638750315 2270.3362787030637 420.75032171234488 23510.769509069622 2178.3028512708843 315.8232975192368 1080.2684909291565 149.37613534554839 967.00183945149183 15228.53813669458 95.312745310366154 6184.0292429625988 3261.0530729144812 1291.5474026724696 314.30468399822712 828.52908894047141 2495.4233622997999 97.082449425011873 141.11032203584909 363.89690957590938 1312.779270093888 231.45845445245504 1242.8408071622252 2169.8588778264821 2115.642686676234 209.55617421120405 731.83191685006022 473.17409817501903 246.01399581879377 131.86074246093631 101.74528938531876
leaf_count=835 26804 6909 140371 15264 5295 14899 2622 14832 114292 242 81704 53588 21839 1718 5265 23945 424 231 4573 10914 4017 19343 21783 16731 3171 6823 3640 1315 283 1734
internal_value=0.0317471 0.0360247 0.038082 0.025034 0.0182652 0.01528 0.0335646 0.0218576 0.0351832 0.0103105 0.0115996 0.0109529 0.0144667 0.01957 0.0297023 0.0359061 0.00817596 0.0233895 0.041968 0.031788 0.0180428 0.0128984 0.0255512 0.0309616 0.0184241 0.0202961 0.0288355 0.0226911 0.0498534 0.0365848
internal_weight=70207.2 53294 44886.9 8407.1 16913.2 13697.2 20766.3 2526.24 18240 516.063 10915.5 10736.6 7475.58 6228.8 2781.74 17724 1064.08 1953.21 24120.7 1462.16 5914.49 3513.18 2401.32 3215.94 998.554 1812.1 682.73 609.911 178.863 2217.39
internal_count=625406 409368 320439 88929 216038 185467 174180 28792 145388 7151 158249 157131 103543 73665 27218 138237 15256 21953 146259 13536 71947 46147 25800 30571 12106 21722 6811 5888 1118 18465
is_linear=0
shrinkage=0.005


Tree=7
num_leaves=31
num_cat=0
split_feature=143 209 24 22 162 24 114 114 114 122 58 209 62 10 145 205 35 100 122 60 144 123 12 11 12 205 38 16 162 145
split_gain=145301 34747.1 33042.3 18674.4 15106.5 14619.7 13926.9 13520.2 13908.3 12051.6 10906.8 10593.8 10096.8 9785.33 12536.4 12151 9704.13 9305.81 13201.8 9165.84 8648.22 13077.9 8630.8 8460.57 8447.12 8338.96 7912.94 12344.2 8076.97 7992.76
threshold=0.0070161870680749425 0.17258463799953463 9.7076411247253436 44.192232131958015 0.025659253820776943 8.3812947273254412 0.74575001001358043 1.9197500348091128 0.92112499475479137 1648.5000000000002 2725.1035156250005 0.0097362748347222822 -6.7791688442230216 0.4136455655097962 0.42162770032882696 0.066181816160678877 339.04426574707037 inf 1199.0000000000002 -6254.1564941406241 0.15348623692989352 6.5000000000000009 0.050212368369102485 0.44857230782508856 0.089727789163589491 0.080451115965843215 26.94999980926514 4.6899998188018808 0.037717362865805633 0.21917591989040378
decision_type=2 2 2 10 2 2 8 10 10 2 2 2 2 2 2 2 2 8 2 8 2 2 2 2 2 2 2 2 2 2
left_child=1 7 4 6 5 23 22 8 9 -1 19 -11 -10 14 -6 -15 -17 18 -3 -7 -20 -22 -4 -2 -24 -12 29 28 -28 -9
right_child=2 17 3 -5 13 10 -8 26 12 11 25 -13 -14 15 -16 16 -18 -19 20 -21 21 -23 24 -25 -26 -27 27 -29 -30 -31
leaf_value=0.013012515521217767 0.0042271029991458962 0.029573600550151357 0.01827746377662498 0.040739953095455535 0.051112352289444378 -0.0040682997724856484 0.035779543606355227 0.0023103909211795344 0.052411785164881992 0.046598761090224025 0.031517406425931885 0.010215303916602136 0.022843635227529985 0.01779115987898279 -0.0046026978568146646 0.0018407491480589375 0.037965978999679351 0.038731569898881775 0.026870140179617402 0.03208394189356404 0.0024451219177919082 0.039426832109136972 0.054271959335914451 0.041000623025117526 -0.0017106303071451423 0.0063573990231774406 0.0071395306716796822 0.0503174393619404 0.049409887110165231 0.017320007012408913
leaf_weight=4679.2115055136383 1142.8534204363823 5591.207770768553 2078.5488526187837 22967.010384444147 1266.870451964438 181.03885307163 9615.9966696575284 3469.8993153385818 490.26483396440744 548.12826678156853 508.5535034686327 316.8879774697125 713.9917846173048 1218.6861443482339 109.26117370277643 196.68992644175887 3501.5131751336157 1492.2905549071729 1131.6230732537806 5067.8169615343213 1366.5143534913659 287.87662867084146 336.33770630508661 179.37862667441368 83.881503779441118 932.62868351861835 931.63037390634418 266.15964566916227 126.83583185449243 1190.1268677711487
leaf_count=64012 16972 53383 23053 133788 5072 2788 68305 56949 2770 3502 4428 4510 8086 13386 1595 2788 24416 9844 11451 42932 20808 2168 1349 1324 1294 12628 14310 1372 646 15266
internal_value=0.0306637 0.0201603 0.0354697 0.038084 0.0290537 0.0244853 0.0330429 0.0146979 0.0195502 0.0161934 0.027488 0.0333273 0.0349501 0.0348601 0.0466867 0.031532 0.0360474 0.0272028 0.0251401 0.0308355 0.0162269 0.00892157 0.0224901 0.0092722 0.043136 0.0152688 0.00922112 0.0199978 0.0122908 0.00615003
internal_weight=71989.7 22602.6 49387.1 35081.8 14305.3 8012.27 12114.8 12733.1 6748.48 5544.23 6690.04 865.016 1204.26 6293.02 1376.13 4916.89 3698.2 9869.51 8377.22 5248.86 2786.01 1654.39 2498.77 1322.23 420.219 1441.18 5984.65 1324.63 1058.47 4660.03
internal_count=625195 269077 356118 227789 128329 81072 94001 171423 82880 72024 62776 8012 10856 47257 6667 40590 27204 97654 87810 45720 34427 22976 25696 18296 2643 17056 88543 16328 14956 72215
is_linear=0
shrinkage=0.005


Tree=8
num_leaves=31
num_cat=0
split_feature=147 18 209 99 114 210 114 115 62 207 22 155 16 149 22 42 191 128 129 139 96 209 209 22 22 149 4 82 141 11
split_gain=135239 31216.7 28427 20421.1 13157 11787.6 10499 10444.9 10327.7 10286.9 10124.5 10005.4 9586.85 11682.2 9219.96 9060.16 8386.17 8319.09 8236.04 7860.26 7822.66 9779.03 8814.87 7527.13 6887.82 12323.6 6737.64 9329.91 7622.76 6517.99
threshold=0.99910613894462597 16.739402770996097 0.17258463799953463 0.9194374978542329 1.9197500348091128 16.05418682098389 0.92112499475479137 -0.22368752956390378 -6.7791688442230216 2.293311715126038 39.402929306030281 369.08374023437506 4.3949999809265146 -0.48510707914829249 76.035694122314467 18.250000000000004 -0.98058238625526417 4.1749999523162851 3.5000000000000004 -0.8119923174381255 0.654485583305359 0.20745392888784411 0.26489332318305975 42.262071609497077 53.02685737609864 0.13337872922420504 37.500000000000007 337.15000915527349 -2.5835238695144649 0.5885324776172639
decision_type=2 2 2 8 10 2 10 10 2 2 10 2 2 2 10 2 8 2 2 2 8 2 2 10 10 2 2 10 2 2
left_child=1 3 4 12 6 10 9 -4 -8 14 16 23 13 -1 -2 24 -5 -17 20 -12 22 -22 -9 -3 -6 -26 27 -20 -28 -10
right_child=2 11 7 5 15 -7 8 18 29 -11 19 -13 -14 -15 -16 17 -18 -19 26 -21 21 -23 -24 -25 25 -27 28 -29 -30 -31
leaf_value=0.048063478435211991 0.022422245727402333 0.034780819283473499 0.036781075658466986 0.038654881155886833 0.0017423164127061503 0.036496544057139937 0.050124271322770024 0.0082125945750298832 0.030388621448392487 0.0039958191236810639 0.043749682471505999 0.027570999881074337 0.027178230335203678 0.00063693266673267124 -0.003000416103535812 0.046269319855966169 0.023677098914079351 0.012311515127790629 0.0024792375065674855 0.031377635441328773 0.049897266364839932 0.016842567741455112 0.038515064606039782 0.04244458323117236 0.026712987957822704 0.0038889343753429175 -0.0043931513307010452 0.020890569230986526 0.046949422750163415 -0.0028173770225984897
leaf_weight=146.92646222189069 4049.5361198298633 4381.2214298024774 1824.1705382242799 1084.7351257130504 2853.9180098623037 10862.425815176219 503.63655580207705 275.01955919340253 484.99665096029639 1261.2507047727704 1508.7967366017401 1663.5913122370839 1129.3096871040761 1014.7181293331087 390.38884311914444 293.01413584500551 7015.9957446530461 470.29805150255561 938.37382616475224 9274.2030618004501 255.99143819883466 1737.3060013838112 1964.8147042915225 12768.80804130435 995.14598584547639 1456.2675093263388 90.042174402624369 2587.2580389901996 356.45174200460315 211.51689090579748
leaf_count=792 46087 29244 12164 7487 46257 69021 2697 3764 4560 19467 8071 14319 10424 15697 6617 1809 68792 6537 14199 71014 1342 20016 13914 60773 10969 23127 1458 29162 1917 3477
internal_value=0.0296823 0.0342332 0.0196183 0.0312249 0.0147257 0.0323334 0.0194486 0.025941 0.032893 0.0166074 0.0299349 0.0393519 0.0168156 0.00670996 0.020186 0.00934968 0.0256921 0.0254371 0.0235224 0.0331168 0.0283821 0.0211347 0.0348061 0.0404912 0.0070259 0.0131696 0.018331 0.0159951 0.0366164 0.0203219
internal_weight=73850.1 50850.7 22999.4 32037.1 12970 29746.2 6901.33 10029.4 1200.15 5701.18 18883.7 18813.6 2290.95 1161.64 4439.92 6068.64 8100.73 763.312 8205.26 10783 4233.13 1993.3 2239.83 17150 5305.33 2451.41 3972.13 3525.63 446.494 696.514
internal_count=625174 355634 269540 251298 171604 224385 82905 97936 10734 72171 155364 104336 26913 16489 52704 88699 76279 8346 85772 79085 39036 21358 17678 90017 80353 34096 46736 43361 3375 8037
is_linear=0
shrinkage=0.005


Tree=9
num_leaves=31
num_cat=0
split_feature=143 162 162 24 10 10 15 162 199 66 10 5 47 54 38 40 198 156 143 138 10 5 113 122 126 197 128 47 127 150
split_gain=125482 28347.1 25577.4 22127.4 17256.9 16642.1 15659.9 15166 11869.3 10939.4 10108.8 15804.4 13955.5 11446.7 9017.74 9070.29 8828.06 9596.62 8749.14 8705.49 8489.18 8303.92 8276.89 10815.1 8144.36 7937.32 7383.83 7262.53 10508 7245.82
threshold=0.0070161870680749425 0.031315135769546039 0.017852022312581543 8.6374688148498553 0.60414016246795665 0.30462808907032018 3.6950000524520878 0.014545395970344545 3447.4265136718755 46996.300781250007 0.47505941987037664 374.50000000000006 0.3361749947071076 240.84228515625003 31.250000000000004 -11.050000190734862 25.607519149780277 11.500000000000002 0.47497659921646124 0.042402001097798354 0.53664252161979686 143.50000000000003 -0.31687498092651362 1185.5000000000002 10.500000000000002 2716.433959960938 4.1949999332427987 0.40928751230239874 4.1050000190734872 0.3429862260818482
decision_type=2 2 2 2 2 2 2 2 2 2 2 2 2 10 2 2 2 2 2 2 2 2 10 2 2 2 2 2 2 8
left_child=2 3 6 27 5 -5 -1 19 14 -7 11 16 21 29 -4 -16 -3 -18 -13 20 -8 -12 26 -24 -21 -25 -10 -2 -29 -14
right_child=1 10 8 4 -6 9 7 -9 22 -11 12 18 13 -15 15 -17 17 -19 -20 24 -22 -23 23 25 -26 -27 -28 28 -30 -31
leaf_value=0.0061295057012027369 0.005127169837636932 0.035734447723358723 0.0085012931972668331 0.036456881484566529 0.040044079295255053 0.023844488479322627 0.042395119833904586 -0.0052974448795120033 0.014888770058486565 0.0374195351912762 -0.0033629217225537569 -0.0026781473449658949 0.037971090434076052 0.0081850583617730979 -0.005237454313880765 0.045009347640272632 0.042847529270339149 0.000173060136438524 0.045685119493863051 0.022953367181198583 -0.0027833118245228789 0.024365340036353579 0.028227457257508536 0.042917413104323114 0.0087758060032972537 0.01405041567422508 0.04050422317427526 0.038115803612743276 0.0061233130901830312 0.0086760135042115109
leaf_weight=4365.1664103083313 1135.6153883002698 10963.31743087247 1823.9117736779153 4862.7215738147497 3998.5825154297054 11471.550871450454 722.27099595591426 601.38019686564803 349.56548365950584 1712.8550304099917 370.82066452130675 359.150051869452 4896.1338736079633 379.49265911057591 118.20861155539751 365.76459264010191 9864.7781129181385 133.65992549806833 124.30085644125938 3188.3434412032366 121.01095541194081 985.36130755022168 5588.6441079601645 259.08513944968581 1490.4780846200883 2806.927851151675 1516.9946667328477 558.61524311825633 475.44580325856805 222.24440789595246
leaf_count=66602 15884 62864 25590 30397 20056 106901 5285 10673 3767 11199 5164 4905 28262 4557 1956 2097 42800 1744 438 35241 2036 8339 50568 1663 20596 34414 8252 4034 6583 2606
internal_value=0.0288223 0.0331085 0.0191669 0.0291296 0.0306295 0.0285392 0.0133704 0.0185281 0.0239028 0.0256137 0.0365109 0.0382072 0.0311935 0.0347391 0.0136136 0.0327606 0.0388592 0.0422775 0.00988845 0.0211242 0.0359178 0.016788 0.0261566 0.0240839 0.0184432 0.0165169 0.0357294 0.0138739 0.0234488 0.0367034
internal_weight=75832.4 52514.6 23317.8 24215.4 22045.7 18047.1 10488.7 6123.48 12829.1 13184.4 28299.3 21445.2 6854.05 5497.87 2307.88 483.973 20961.8 9998.44 483.451 5522.1 843.282 1356.18 10521.2 8654.66 4678.82 3066.01 1866.56 2169.68 1034.06 5118.38
internal_count=625473 356733 268740 195054 168553 148497 140433 73831 128307 118100 161679 112751 48928 35425 29643 4053 107408 44544 5343 63158 7321 13503 98664 86645 55837 36077 12019 26501 10617 30868
is_linear=0
shrinkage=0.005


Tree=10
num_leaves=31
num_cat=0
split_feature=19 26 165 205 99 24 149 99 26 23 12 123 169 209 19 128 127 138 128 205 31 19 12 138 23 127 23 99 138 23
split_gain=118956 36297.5 21530.3 19560.3 18428.2 14073.3 13500.9 13074.9 13341.1 12401.7 10341.7 10279.5 10819.8 10230.6 10109.8 9770.39 8612.66 8535.26 9237.51 7984.69 7729.05 7835.06 7456.46 9213.18 7276.75 8130.72 7116.15 6954.59 8005.23 7429.21
threshold=16.739092826843265 0.065599381923675551 1.0000000180025095e-35 0.34257890284061437 2.258562564849854 10.03323268890381 0.18501222133636477 2.9049375057220463 0.73532855510711681 0.00012836215319111946 -0.076738327741622911 3.5000000000000004 8.0500001907348651 0.42979766428470617 15.87734365463257 5.1849999427795419 3.1750000715255742 0.14599982649087909 3.1550000905990605 0.23196444660425189 -3.6041667461395259 16.677794456481937 -0.0052368789911270133 0.63734894990921032 -4.788639671460259e-05 3.1450001001358037 -0.00012029748177155851 1.4724375009536745 0.1321743726730347 -0.00030134282133076335
decision_type=2 2 2 2 10 2 2 10 2 2 2 2 2 2 2 2 2 2 2 2 2 2 2 2 2 2 2 10 2 2
left_child=2 3 7 13 5 11 17 8 9 14 -7 12 -3 22 -1 -8 24 -6 -19 -13 27 -22 23 -2 -9 -26 -12 28 -4 -29
right_child=1 4 20 -5 6 10 15 16 -10 -11 26 19 -14 -15 -16 -17 -18 18 -20 -21 21 -23 -24 -25 25 -27 -28 29 -30 -31
leaf_value=0.005842569681209153 0.0064774671172444769 0.029351908109873672 0.044566614482840709 0.036768045868234241 0.035773300973905832 -0.00070262191698052651 -0.0034353483122082514 0.036628612076446569 -0.0019360221148056248 0.0079605116712165042 0.02766434648988704 0.040756535488703803 0.0071975285256523271 0.039521500001842298 0.023279422503938222 0.044515051136220639 0.00064808178057198412 0.044031609786216189 0.0045280556581038097 0.014717878429193407 0.03876048847177524 0.0023621170026146337 0.020267875251618491 0.05681375807055148 -0.0010892964563979563 0.055489908324574462 0.036859745164289241 0.033265801810203152 0.016108718520781717 5.0143862641578969e-05
leaf_weight=945.23847768083215 1978.8050206415355 14145.630190197378 463.3320005685091 1816.4964632317424 1245.7844793871045 191.45052590966225 709.66940695047379 346.57365699857473 887.16606808826327 2274.0913699455559 2316.0967114791274 3031.3640383593738 575.34404312819242 528.68712978437543 7015.3500281944871 122.8813921622932 2483.9884133562446 196.84610852226615 581.50025983154774 329.69798891246319 1574.066139370203 163.61360244452953 4521.6630681008101 93.363514848053455 443.15660279244184 72.088214512914419 27356.532961726189 235.01667808368802 535.58397773653269 581.56200972944498
leaf_count=14327 26046 104851 2223 10758 8431 2503 11361 2995 14960 31341 17078 15362 6769 2735 73908 649 40316 928 7762 3284 9819 2231 47123 245 7294 323 143280 1941 5835 8693
internal_value=0.0280257 0.0314224 0.0167627 0.0221205 0.0330582 0.033794 0.0206929 0.0140504 0.0166574 0.0182694 0.0359077 0.0302993 0.0284873 0.0183752 0.0212113 0.00372868 0.00537893 0.0276586 0.0146091 0.0382133 0.0277918 0.0353414 0.0166679 0.00879922 0.0189785 0.00700585 0.036144 0.0205334 0.0293737 0.0096708
internal_weight=77762.6 59741.8 18020.8 8939.02 50802.8 47946.1 2856.68 14467.7 11121.8 10234.7 29864.1 18082 14721 7122.52 7960.59 832.551 3345.81 2024.13 778.346 3361.06 3553.17 1737.68 6593.83 2072.17 861.818 515.245 29672.6 1815.49 998.916 816.579
internal_count=625371 409165 216206 86907 322258 293127 29131 185464 134536 119576 162861 130266 111620 76149 88235 12010 50928 17121 8690 18646 30742 12050 73414 26291 10612 7617 160358 18692 8058 10634
is_linear=0
shrinkage=0.005


end of trees

feature_importances:
moment_30d=15
dart_loading_index=14
volcanic_stress_index=13
b_value_14d=11
moment_7d=9
depth_mean_7d=9
volcano_x_coulomb=9
subduction_proxy=8
eq_count_7d=7
coulomb_proxy=7
b_value_30d=6
b_value_accel=6
sw_density_max_72h=6
dart_loading_max_72h=6
flare_max_class_7d=6
tidal_schuster_R_90d=6
tidal_R_90d_mid=6
tidal_sens_x_coulomb=6
eq_count_30d=5
dst_p90_72h=5
flare_max_class_72h=5
tidal_schuster_R_30d=5
cme_x_coulomb=5
tidal_sens_x_bvalue=5
rate_anomaly_7d=4
b_delta=4
max_mag_7d=4
imf_bt_max_72h=4
olr_mean_7d=4
dart_residual_std_24h=4
tidal_mean_phase_30d=4
tidal_sensitivity_onset=4
tidal_R_30d_mid=4
tidal_p_30d_mid=4
tidal_mag_divergence=4
max_mag_72h=3
sw_speed_max_72h=3
dart_loading_rate_24h=3
cme_speed_max_7d=3
flare_count_7d=3
flare_m_plus_count_7d=3
volcano_dist_nearest=3
volc_onset_365d=3
gps_residual_mag_mm=3
gps_strain_rate=3
eq_count_72h=2
m4_count_7d=2
moment_accel=2
dst_mean_72h=2
sw_speed_mean_72h=2
imf_bz_min_72h=2
tide_rate_max=2
cosmic_mean_72h=2
cosmic_anomaly=2
mag_y_mean_72h=2
mag_y_trend=2
mag_z_mean_72h=2
sw_p10_72h=2
dart_loading_accel=2
cme_fast_count_7d=2
tidal_R_30d_small=2
tidal_p_30d_small=2
tidal_small_vs_mid_R=2
tidal_R_mid_rate_30d=2
volcano_count_500km=2
hotspot_frp_max_7d=2
stn_sta_lta_mean_24h=2
dst_x_bvalue=2
flare_x_bvalue=2
tidal_small_x_coulomb=2
mag_range_7d=1
kp_max_72h=1
dst_min_72h=1
mag_x_range_72h=1
mag_y_range_72h=1
mag_dbdt_max=1
bz_southward_frac=1
storm_coupling_idx=1
dart_trend_reversal=1
dart_std_12h=1
flare_energy_72h=1
tidal_schuster_p_30d=1
tidal_schuster_p_90d=1
tidal_R_90d_small=1
tidal_R_mid_accel=1
volcano_count_200km=1
eruption_nearby_90d=1
eruption_vei_max_90d=1
gps_anomaly_max=1
gps_residual_accel=1
sw_x_coulomb=1
kp_x_moment=1
storm_x_foreshock=1
tidal_sens_x_foreshock=1
volcano_x_sw=1
hotspot_x_coulomb=1

parameters:
[boosting: gbdt]
[objective: binary]
[metric: auc]
[tree_learner: serial]
[device_type: cpu]
[data_sample_strategy: bagging]
[data: ]
[valid: ]
[num_iterations: 5000]
[learning_rate: 0.005]
[num_leaves: 31]
[num_threads: 0]
[seed: 42]
[deterministic: 0]
[force_col_wise: 0]
[force_row_wise: 0]
[histogram_pool_size: -1]
[max_depth: 6]
[min_data_in_leaf: 150]
[min_sum_hessian_in_leaf: 0.001]
[bagging_fraction: 0.7]
[pos_bagging_fraction: 1]
[neg_bagging_fraction: 1]
[bagging_freq: 1]
[bagging_seed: 400]
[bagging_by_query: 0]
[feature_fraction: 0.5]
[feature_fraction_bynode: 1]
[feature_fraction_seed: 30056]
[extra_trees: 0]
[extra_seed: 12879]
[early_stopping_round: 0]
[early_stopping_min_delta: 0]
[first_metric_only: 0]
[max_delta_step: 0]
[lambda_l1: 0.5]
[lambda_l2: 2]
[linear_lambda: 0]
[min_gain_to_split: 0.1]
[drop_rate: 0.1]
[max_drop: 50]
[skip_drop: 0.5]
[xgboost_dart_mode: 0]
[uniform_drop: 0]
[drop_seed: 17869]
[top_rate: 0.2]
[other_rate: 0.1]
[min_data_per_group: 100]
[max_cat_threshold: 32]
[cat_l2: 10]
[cat_smooth: 10]
[max_cat_to_onehot: 4]
[top_k: 20]
[monotone_constraints: ]
[monotone_constraints_method: basic]
[monotone_penalty: 0]
[feature_contri: ]
[forcedsplits_filename: ]
[refit_decay_rate: 0.9]
[cegb_tradeoff: 1]
[cegb_penalty_split: 0]
[cegb_penalty_feature_lazy: ]
[cegb_penalty_feature_coupled: ]
[path_smooth: 0]
[interaction_constraints: ]
[verbosity: -1]
[saved_feature_importance_type: 0]
[use_quantized_grad: 0]
[num_grad_quant_bins: 4]
[quant_train_renew_leaf: 0]
[stochastic_rounding: 1]
[linear_tree: 0]
[max_bin: 255]
[max_bin_by_feature: ]
[min_data_in_bin: 3]
[bin_construct_sample_cnt: 200000]
[data_random_seed: 175]
[is_enable_sparse: 1]
[enable_bundle: 1]
[use_missing: 1]
[zero_as_missing: 0]
[feature_pre_filter: 1]
[pre_partition: 0]
[two_round: 0]
[header: 0]
[label_column: ]
[weight_column: ]
[group_column: ]
[ignore_column: ]
[categorical_feature: ]
[forcedbins_filename: ]
[precise_float_parser: 0]
[parser_config_file: ]
[objective_seed: 16083]
[num_class: 1]
[is_unbalance: 0]
[scale_pos_weight: 15]
[sigmoid: 1]
[boost_from_average: 1]
[reg_sqrt: 0]
[alpha: 0.9]
[fair_c: 1]
[poisson_max_delta_step: 0.7]
[tweedie_variance_power: 1.5]
[lambdarank_truncation_level: 30]
[lambdarank_norm: 1]
[label_gain: ]
[lambdarank_position_bias_regularization: 0]
[eval_at: ]
[multi_error_top_k: 1]
[auc_mu_weights: ]
[num_machines: 1]
[local_listen_port: 12400]
[time_out: 120]
[machine_list_filename: ]
[machines: ]
[gpu_platform_id: -1]
[gpu_device_id: -1]
[gpu_use_dp: 0]
[num_gpu: 1]

end of parameters

pandas_categorical:null
